0.025 0.10416666666666667 0
0.012746422965103222 0.12101533508964976 0.03624999999999992
-0.0045179915877729 0.13267585685860236 0.03624999999999992
-0.023792278094206764 0.1405834264881206 0.03624999999999992
-0.04437411307278403 0.1438107855775918 0.03645833333333326
-0.06519974763807354 0.14437710945206395 0.037291666666666605
-0.08491686630669229 0.13764933053288228 0.03812499999999995
-0.10254781844116133 0.12655080339592217 0.0366666666666666
-0.11654012832538806 0.1111156797527002 0.03604166666666658
-0.13032390757751328 0.09549405348311926 0.037291666666666605
-0.14236014093534266 0.07848944045213113 0.03791666666666661
-0.15059939972439082 0.05935459285971826 0.03708333333333327
-0.1557824905235051 0.03917630384538621 0.03479166666666657
-0.16143672483350865 0.01912493451196274 0.03479166666666657
-0.16306749180795055 -0.0016444751294509767 0.035208333333333244
-0.16364581525145613 -0.022469779923678365 0.03604166666666658
-0.16149973509340018 -0.04319228261357987 0.0366666666666666
-0.1576824480081091 -0.06367290997424072 0.0366666666666666
-0.15033278214086998 -0.08316676001515665 0.037291666666666605
-0.1446110725195777 -0.1031989794824895 0.037291666666666605
-0.13726320796144992 -0.12269350856665018 0.037291666666666605
-0.12713772191150668 -0.14090071346004837 0.037291666666666605
-0.11530248984002622 -0.15804583112053644 0.03854166666666662
-0.10008190795885963 -0.1722712191636262 0.03812499999999995
-0.08170792602666772 -0.18209082026210588 0.03708333333333327
-0.061795211914184967 -0.18821549122896664 0.03708333333333327
-0.04215053537802321 -0.19515195009263428 0.03604166666666658
-0.021639792712808928 -0.19880396502950634 0.034999999999999906
-0.0008727037744699591 -0.1971439063543696 0.03354166666666655
0.019591340088611926 -0.19323869361398813 0.03208333333333322
0.03817072712033192 -0.1838135063318525 0.03166666666666656
0.0561780400028109 -0.1733366527712511 0.031249999999999892
0.07171974830153378 -0.15946282557991034 0.03041666666666656
0.08494053360723867 -0.14336193698088462 0.029374999999999898
0.09794912460133294 -0.12708912720118934 0.029374999999999898
0.11090798367665435 -0.11077668565359329 0.029374999999999898
0.11970356755042151 -0.0918910963830065 0.028958333333333235
0.12592041392773912 -0.07200696706089112 0.027916666666666572
0.1305954748243251 -0.051704957717208205 0.027291666666666572
0.13512082865068606 -0.03136905472461855 0.027291666666666572
0.13787451943826892 -0.010718510789308766 0.026041666666666578
0.13966318194826582 0.01003789699727875 0.025208333333333246
0.13911317732879902 0.03086396894319172 0.025208333333333246
0.1371974168075758 0.05160903195594493 0.024791666666666583
0.13389238065531128 0.07217853641789063 0.024166666666666583
0.13057859441016528 0.09274663303617932 0.023333333333333255
0.12585253715004102 0.11303683166881484 0.024166666666666583
0.1188608494742713 0.13266191972523558 0.025208333333333246
0.11044517438279632 0.15171983646690765 0.025208333333333246
0.10067491753080328 0.1701201043677796 0.025208333333333246
0.0909750851121063 0.18855759413257603 0.024374999999999918
0.07776786784475576 0.20466961417448187 0.024374999999999918
0.06294557769859352 0.2193095422002872 0.02312499999999992
0.048123287552431296 0.23394947022609264 0.021666666666666595
0.03096942875441832 0.24577202942939588 0.020833333333333263
0.01143886474748026 0.25302357046207813 0.024166666666666583
-0.008471241439642441 0.25915671397868345 0.02687499999999991
-0.029231106258425517 0.2609047959228815 0.027499999999999906
-0.050044451388120414 0.2599924131687786 0.027499999999999906
-0.07054324580196335 0.2562739181295484 0.025624999999999912
-0.09103485528728542 0.25251603062739536 0.02312499999999992
-0.11078510388010775 0.245886139353815 0.0197916666666666
-0.12986444978053743 0.23751916034167853 0.017499999999999943
-0.14706425248393398 0.22576354190869038 0.01666666666666661
-0.16405798244648023 0.21371194783413602 0.015416666666666615
-0.17871655312669354 0.19890809416723673 0.015416666666666615
-0.1917406388655865 0.18264768308867724 0.014583333333333285
-0.20252047225099398 0.16482009295538566 0.014583333333333285
-0.2102290455915745 0.1454653603343787 0.01583333333333328
-0.2181245153461806 0.12618611410606692 0.016874999999999942
-0.22394645410905856 0.10618279421113262 0.017499999999999943
-0.22791654533554193 0.08573123795173813 0.01666666666666661
-0.23097836741838146 0.06512412696279028 0.01666666666666661
-0.234040189501221 0.04451701597384243 0.016041666666666614
-0.23544501158437406 0.023731101207047564 0.015416666666666615
-0.2363954762718503 0.0029194603621829646 0.014374999999999952
-0.23910527106350965 -0.017736889508132354 0.014374999999999952
-0.24004684137742138 -0.03854893465323374 0.013958333333333288
-0.24095581803854085 -0.059362428814650176 0.013958333333333288
-0.24078534153100584 -0.08019506464255623 0.014999999999999951
-0.236899132475917 -0.1006627258904351 0.015624999999999948
-0.23349540539561128 -0.12121612998174243 0.015624999999999948
-0.2279701796616288 -0.14130343090462189 0.017499999999999943
-0.22296596979868344 -0.16152682481922925 0.018541666666666606
-0.21369618428298118 -0.1801842323098389 0.017499999999999943
-0.20259751412897972 -0.1978150944155459 0.01645833333333328
-0.19027492499895454 -0.21461335548359592 0.016249999999999945
-0.17528927950491807 -0.22908602651920104 0.016249999999999945
-0.16220078616900893 -0.24529463904383253 0.018749999999999937
-0.1471466956321248 -0.2596961020210815 0.01999999999999993
-0.13110349464835908 -0.2729868311196779 0.02062499999999993
-0.11370656809706586 -0.28444871248124715 0.02062499999999993
-0.09631491284648994 -0.2959185906594534 0.02124999999999993
-0.07680768524079926 -0.3032326763109588 0.02124999999999993
-0.05601000300096217 -0.30445095018351104 0.020208333333333266
-0.035193025493078525 -0.30362558649758575 0.01958333333333327
-0.01459061478344393 -0.30053229525211395 0.019166666666666603
0.005767907294142441 -0.29610981217196475 0.019166666666666603
0.02541482836635627 -0.2891797133155285 0.020208333333333266
0.04489676347171591 -0.28179852219699403 0.020208333333333266
0.06366480527043332 -0.27275482910073223 0.021041666666666594
0.0800442721652697 -0.25988079158258204 0.02124999999999993
0.0964237390601061 -0.24700675406443187 0.021874999999999926
0.11214871653013744 -0.2333409990049855 0.02291666666666659
0.1258030430516398 -0.21760609687557975 0.02291666666666659
0.13967760024530118 -0.2020650402687207 0.02291666666666659
0.15363984486506438 -0.18660271499224082 0.020208333333333266
0.16480416699496997 -0.16901335203739004 0.0197916666666666
0.17490879825353337 -0.15079456489591875 0.018958333333333268
0.1815501330260542 -0.1310481614204227 0.018958333333333268
0.18766968900200814 -0.1111338747790453 0.01833333333333327
0.1932665974703132 -0.0910664286691091 0.01833333333333327
0.19787899032699532 -0.07075009017238673 0.01833333333333327
0.19939858774646063 -0.049972250981062415 0.01833333333333327
0.2009181851659259 -0.0291944117897381 0.01833333333333327
0.20189262396465668 -0.00838387967724022 0.018749999999999937
0.20222687970187275 0.012446772037958572 0.017708333333333274
0.20082253233371705 0.03323271888305884 0.017499999999999943
0.19941818496556132 0.05401866572815912 0.017499999999999943
0.19801383759740562 0.07480461257325939 0.018541666666666606
0.19550519002743993 0.09548635488737507 0.018749999999999937
0.1911041027588477 0.11584951300766709 0.017916666666666605
0.18569965864146962 0.1359696462467864 0.01812499999999994
0.17942240194308887 0.15583478722590888 0.01833333333333327
0.1705142567120222 0.17466754396304118 0.018958333333333268
0.16132123594748246 0.19336289490921282 0.01958333333333327
0.1514264172062629 0.21169647993386603 0.01958333333333327
0.13889075259332392 0.2283363384215362 0.020208333333333266
0.12720301483598082 0.2455823398100712 0.020416666666666597
0.11446127361686903 0.262064930883169 0.021041666666666594
0.10081173063976508 0.2778039827699241 0.02124999999999993
0.08708109759307128 0.29347234241332054 0.02229166666666659
0.07104561138852764 0.30677237850205613 0.02229166666666659
0.05331334604884243 0.3177083075298424 0.023333333333333255
0.03414267312119084 0.32586386252498445 0.024374999999999918
0.015551495600723797 0.335265771702394 0.02541666666666658
-0.004817060006087518 0.3396418110383704 0.02541666666666658
-0.025509263977794797 0.342062652332433 0.02541666666666658
-0.04630179170311018 0.34075936089542863 0.024791666666666583
-0.06706453655593597 0.3390458253824515 0.02374999999999992
-0.0874296052005399 0.33465358712862825 0.022708333333333258
-0.10704590748992467 0.32763728737239955 0.021874999999999926
-0.12605741899255077 0.31911729863042976 0.022708333333333258
-0.14337421038090903 0.3075347033344755 0.022708333333333258
-0.159634465319591 0.29451042265925786 0.02374999999999992
-0.1762626951089239 0.2819593369751061 0.02395833333333325
-0.1930106717110501 0.2695684912609342 0.023333333333333255
-0.20785613466866182 0.25495206189696307 0.023333333333333255
-0.2224544127762154 0.24008874954499054 0.02291666666666659
-0.23442406351424736 0.2230372030172615 0.020833333333333263
-0.24547619372135765 0.20537712952752601 0.01999999999999993
-0.2555679041519846 0.18715118213480722 0.019166666666666603
-0.26448411604324 0.16832224315014818 0.01812499999999994
-0.27249108454815585 0.14908903662759804 0.01999999999999993
-0.2812668291362151 0.13019422028281913 0.019166666666666603
-0.28892756852143486 0.11082050484541478 0.017916666666666605
-0.2944069103095432 0.09072063938947536 0.016874999999999942
-0.2984886035126982 0.07029106380961825 0.016874999999999942
-0.3021742816433778 0.04978634351172566 0.016874999999999942
-0.305242009683932 0.029180110900038157 0.016874999999999942
-0.3079011385183767 0.008517177622799821 0.01645833333333328
-0.31126407180961274 -0.012042940505666167 0.015416666666666615
-0.3130616868209898 -0.03279857487440208 0.014374999999999952
-0.31359186086109503 -0.05362516108686085 0.013749999999999955
-0.3121861909200858 -0.07441101853356535 0.013541666666666622
-0.31201148568023296 -0.09524361932792 0.013541666666666622
-0.30940449400673214 -0.11591319533208792 0.013541666666666622
-0.3055927226889009 -0.13639484998200177 0.013541666666666622
-0.2992622897528695 -0.15624310926638701 0.015208333333333282
-0.29208044317637183 -0.17579940895547505 0.01645833333333328
-0.28301425999326246 -0.19455659691817573 0.01812499999999994
-0.27344813042036453 -0.21306381018144974 0.01999999999999993
-0.26388200084746655 -0.23157102344472377 0.02229166666666659
-0.25567001659605515 -0.25071759213032246 0.02291666666666659
-0.24541760496947382 -0.2688536290076813 0.02458333333333325
-0.23297978119535662 -0.2855667471351218 0.02687499999999991
-0.22060256373082746 -0.30232479790523026 0.028124999999999904
-0.20459407535439755 -0.31565731746004383 0.029583333333333232
-0.18842605117817848 -0.3287959160160152 0.03020833333333323
-0.17189345023830813 -0.34147270125284773 0.0287499999999999
-0.15376173132991255 -0.35173274741281746 0.027708333333333238
-0.13547267529847518 -0.36170963105735904 0.026666666666666575
-0.116586597833571 -0.37050416662027624 0.025833333333333246
-0.09664609262422458 -0.3765377418268852 0.024791666666666583
-0.07667485986784553 -0.38246881592592585 0.024166666666666583
-0.05621869630163386 -0.3864150989783909 0.025208333333333246
-0.035426639515144784 -0.38772588208981323 0.02458333333333325
-0.014593418595048271 -0.3876574432687372 0.024374999999999918
0.005948094158578125 -0.38418267254674976 0.024999999999999915
0.026576987333195017 -0.38127122202029 0.024166666666666583
0.04654865377089727 -0.37534160841745445 0.023333333333333255
0.0661225290532343 -0.368207802686339 0.023541666666666586
0.08423222536309254 -0.35790893491640996 0.02374999999999992
0.10286406811988832 -0.34858787203367947 0.024374999999999918
0.12083136628807267 -0.33804254253131977 0.02541666666666658
0.1369594521204199 -0.3248549489236057 0.026666666666666575
0.15331473605287266 -0.31195020308083016 0.02708333333333324
0.1663383595485121 -0.2956894217705238 0.029791666666666564
0.1799484328660327 -0.27991622672102634 0.03791666666666661
0.19170120179966355 -0.26271447680508875 0.04145833333333333
0.20401313493201756 -0.24590840408353298 0.04083333333333332
0.21545135575191687 -0.22849591195135954 0.04062499999999999
0.22349424133001997 -0.2092776974308761 0.03708333333333327
0.231314508552974 -0.1899678243515582 0.03229166666666655
0.23721363481272775 -0.16998713149196842 0.029583333333333232
0.24303789095619605 -0.14998448621307964 0.028333333333333235
0.2469620067118079 -0.12952405871719536 0.02854166666666657
0.2519918751194464 -0.10930703120127158 0.027499999999999906
0.25695070248887253 -0.08907246155183231 0.027499999999999906
0.25948275649094726 -0.06839357182563195 0.028333333333333235
0.2614836579659613 -0.047656547664362725 0.0287499999999999
0.26269518658502045 -0.026858471402771162 0.028124999999999904
0.26299537559775255 -0.0060273009043471625 0.026458333333333243
0.2623286925811674 0.014795362506781965 0.026666666666666575
0.26166200956458224 0.03561802591791109 0.026041666666666578
0.26099532654799706 0.05644068932904022 0.026041666666666578
0.2576626068742045 0.07700572658535686 0.02541666666666658
0.2544681458991706 0.09759269325985175 0.02541666666666658
0.2512736849241367 0.11817965993434663 0.024999999999999915
0.2475342369776526 0.1386746424138052 0.024374999999999918
0.24068024271530875 0.15834824250198262 0.024999999999999915
0.23561571268702827 0.17855661486025093 0.025208333333333246
0.22770798092786215 0.19783083484973052 0.025833333333333246
0.22285450724082664 0.21809093284917344 0.024999999999999915
0.2162256582371839 0.237841531287314 0.024999999999999915
0.20684530451900351 0.2564435941272142 0.024999999999999915
0.19553811397432774 0.27394145741860426 0.024999999999999915
0.18423092342965194 0.29143932070999434 0.024999999999999915
0.17127867964587296 0.30775701536160915 0.02395833333333325
0.15832643586209383 0.3240747100132239 0.02291666666666659
0.14321786260317282 0.3384190047626215 0.023541666666666586
0.1281092893442518 0.35276329951201907 0.022499999999999923
0.11231469799071547 0.36634853641656256 0.022708333333333258
0.0957589088627562 0.3789950230483636 0.022083333333333257
0.07752031686072414 0.3890638630789326 0.022083333333333257
0.058006961001094835 0.3963615833307131 0.02145833333333326
0.03804422706651032 0.40232120006627287 0.02145833333333326
0.018453462128329375 0.40940849199723767 0.02145833333333326
-0.0018638102364470536 0.4140167694881522 0.021874999999999926
-0.022351479961760092 0.4177960772295606 0.02229166666666659
-0.04313329524040075 0.41926029425658723 0.02229166666666659
-0.06396461442603237 0.41954998161239204 0.021666666666666595
-0.08478778692762698 0.4188993936117259 0.02291666666666659
-0.10531964741465884 0.4153680365469647 0.02291666666666659
-0.12530523552758563 0.40948551620631 0.02229166666666659
-0.14386082196437316 0.4000135581318311 0.02229166666666659
-0.16211747366100837 0.3899775008080847 0.02291666666666659
-0.1803914602508878 0.3799730422075065 0.02229166666666659
-0.19792054716559804 0.3687143171591579 0.02124999999999993
-0.21402940170262785 0.35550323910766674 0.019166666666666603
-0.23094335904530894 0.34333994083837543 0.01666666666666661
-0.24575904024933232 0.3286933245657162 0.014791666666666618
-0.25837739512982827 0.31211608420769393 0.014374999999999952
-0.2702950011407538 0.2950281222242938 0.013749999999999955
-0.28001504333095895 0.27660127882672825 0.013749999999999955
-0.29220505503547783 0.2597065639010045 0.014999999999999951
-0.3014776952402217 0.24105057501241564 0.015208333333333282
-0.3097739781823072 0.22194038225769339 0.013958333333333288
-0.3180411811392029 0.2028175913252151 0.013124999999999956
-0.3262865107068758 0.1836853588862592 0.013124999999999956
-0.33273698207432645 0.16387578552095228 0.013124999999999956
-0.3381916971478179 0.14376922287974475 0.012499999999999959
-0.3419277579398553 0.12327362268028778 0.012499999999999959
-0.34566381873189267 0.10277802248083082 0.012499999999999959
-0.3479349829836888 0.08206885565260862 0.011874999999999962
-0.350206147235485 0.061359688824386416 0.01104166666666663
-0.352477311487281 0.04065052199616422 0.010624999999999966
-0.35344094949978433 0.019839486953220367 0.009791666666666636
-0.35440458751228754 -0.000971548089723484 0.0102083333333333
-0.3537804017890773 -0.02179552873610137 0.009791666666666636
-0.35315621606586717 -0.042619509382479256 0.009999999999999967
-0.3525777696433374 -0.06344481076118776 0.009999999999999967
-0.3524715468380854 -0.08427787329393652 0.010416666666666633
-0.35010063405183184 -0.10497585750346172 0.012291666666666626
-0.34850181332002605 -0.1257477507740648 0.011458333333333296
-0.3469029925882203 -0.14651964404466788 0.012708333333333292
-0.3435787303297501 -0.16708605010442193 0.013958333333333288
-0.3402544680712799 -0.187652456164176 0.012916666666666625
-0.3363261014260748 -0.20811206792194442 0.012083333333333293
-0.3305020376961629 -0.22811476922571097 0.01104166666666663
-0.3232532345517053 -0.24764634957013468 0.013124999999999956
-0.3161979123969791 -0.26724865063584646 0.015624999999999948
-0.30766834005231736 -0.286255864355773 0.016249999999999945
-0.29982698806168634 -0.3055571849514422 0.017916666666666605
-0.290098407799372 -0.32397952204143937 0.018958333333333268
-0.27863522951331693 -0.34137559405094464 0.019374999999999934
-0.2659278555044025 -0.35788469528557715 0.020833333333333263
-0.2519563540964349 -0.37333865679015377 0.021874999999999926
-0.23744180221711988 -0.38828374165175467 0.022499999999999923
-0.22203017567661204 -0.40230192788085334 0.022499999999999923
-0.20478018435290893 -0.4139837760698149 0.022499999999999923
-0.18927974620210997 -0.4279036968638077 0.02229166666666659
-0.17235490628410813 -0.44005184781478746 0.022083333333333257
-0.15343493226629726 -0.4487732216138595 0.022083333333333257
-0.13375452906695415 -0.45560765704694856 0.021666666666666595
-0.11410902588792594 -0.4625417743390465 0.022708333333333258
-0.09418462344029438 -0.46862831398671084 0.022708333333333258
-0.07367660783936406 -0.4722956118870422 0.021666666666666595
-0.05285137912329425 -0.4728766684257374 0.021666666666666595
-0.032019341810309146 -0.4731090456366964 0.02124999999999993
-0.011186019353356731 -0.4730877575550681 0.02124999999999993
0.009575992914097083 -0.47136536840511517 0.02124999999999993
0.030261969951405256 -0.4688918826481848 0.02124999999999993
0.05075557678579928 -0.46514490297182437 0.02124999999999993
0.07078135566414533 -0.4594006921388755 0.022708333333333258
0.090471674148667 -0.4525948758207632 0.021874999999999926
0.11005491160939229 -0.4454868108003359 0.020833333333333263
0.12805992530160532 -0.43500600645520104 0.0197916666666666
0.14481619807712698 -0.42262638204853625 0.021666666666666595
0.16243868455827376 -0.41151441786574755 0.022708333333333258
0.17959819164376054 -0.39970005819791515 0.021874999999999926
0.19520996443798247 -0.38590511970586777 0.02229166666666659
0.20940731679150476 -0.3706583835329122 0.02229166666666659
0.22327078380637363 -0.35510743307625453 0.02312499999999992
0.23684630366850498 -0.33930448910208777 0.021874999999999926
0.250056715248524 -0.32319508800632146 0.0197916666666666
0.26277035767189005 -0.306690813586991 0.018958333333333268
0.273695368167535 -0.2889518191552926 0.017499999999999943
0.2816961133599573 -0.2697160229891936 0.01666666666666661
0.28937011156174414 -0.25034755559043564 0.01666666666666661
0.29484614222693073 -0.23024678779585342 0.018749999999999937
0.30037136777489787 -0.21015948682180838 0.020833333333333263
0.304397132402096 -0.18971881665314272 0.021874999999999926
0.30796815082745715 -0.16919381713588316 0.02229166666666659
0.3112498077910253 -0.14862056981439195 0.02229166666666659
0.3145314647545934 -0.12804732249290088 0.022708333333333258
0.31781312171816156 -0.10747407517140968 0.02291666666666659
0.3199977217808427 -0.08675559790246178 0.022708333333333258
0.3221823218435238 -0.06603712063351388 0.022708333333333258
0.32445220973150635 -0.04532781386689884 0.022708333333333258
0.32484580690630716 -0.024498198915062375 0.022708333333333258
0.324418897138962 -0.0036692400877872916 0.022708333333333258
0.32215204365312444 0.01704039904599585 0.022708333333333258
0.3222631458589466 0.037873436128419515 0.022708333333333258
0.3192299404941853 0.05848477870945873 0.022708333333333258
0.31796075813396446 0.07927941633347817 0.022708333333333258
0.31469028603955945 0.09985444464591306 0.02145833333333326
0.31141981394515444 0.12042947295834795 0.02145833333333326
0.3082587441448896 0.14102159318662047 0.02145833333333326
0.3031108085318157 0.1612088796982204 0.022083333333333257
0.2979628729187419 0.18139616620982035 0.022083333333333257
0.292814937305668 0.20158345272142028 0.02374999999999992
0.2875680818045526 0.22174525534738088 0.02374999999999992
0.2821525257326024 0.24186240052778202 0.02291666666666659
0.2738528995802421 0.26097114155142975 0.02291666666666659
0.2661556620113496 0.28033038512099634 0.02291666666666659
0.25845842444245715 0.29968962869056287 0.02291666666666659
0.24905869646376963 0.31828190912370125 0.02145833333333326
0.23709843287956395 0.33534004128329303 0.021041666666666594
0.22446831414188076 0.35190832056781146 0.020208333333333266
0.2111293998225919 0.3679114809606979 0.020208333333333266
0.19687402431380943 0.38310398065236767 0.020208333333333266
0.1836936409715451 0.3992379594774666 0.021874999999999926
0.16855568506701057 0.41355124242758473 0.022083333333333257
0.153417729162476 0.42786452537770286 0.022708333333333258
0.1363433759746614 0.4398016205434265 0.021666666666666595
0.11953311815416837 0.4521078388815809 0.020833333333333263
0.10141109203179705 0.4623849954434841 0.01958333333333327
0.08138010132362912 0.4681110053131114 0.021041666666666594
0.061779427845189853 0.475170847872927 0.020208333333333266
0.04156920573044509 0.4802279913206116 0.018541666666666606
0.021652880750127737 0.4863409101861099 0.018541666666666606
0.0018516078717112805 0.4928168170857084 0.017916666666666605
-0.018980397269991595 0.49258157348039 0.017916666666666605
-0.03941092610509968 0.4966584925739698 0.019374999999999934
-0.06024267201124349 0.4964013150484393 0.019374999999999934
-0.08106651020707284 0.4970302352116526 0.018749999999999937
-0.10169197148553444 0.4940945709208217 0.016249999999999945
-0.12139708826192716 0.4873317201457046 0.014999999999999951
-0.14147119021158616 0.48175873093949967 0.016041666666666614
-0.16060378123093103 0.4735142334615292 0.016041666666666614
-0.1792922594190701 0.46430724911326254 0.016874999999999942
-0.197546484214811 0.4542667782635296 0.016874999999999942
-0.21388802287498376 0.44134463091891785 0.016874999999999942
-0.228339520967088 0.4263385661225868 0.016874999999999942
-0.2449738012211874 0.4137955003806776 0.015208333333333282
-0.2589305452472043 0.3983282099272718 0.015208333333333282
-0.2725154965561574 0.3825333729318752 0.015208333333333282
-0.28392214907757907 0.36510018458225535 0.015208333333333282
-0.2953288015990007 0.3476669962326355 0.015208333333333282
-0.3061223541585286 0.32984770890338216 0.015208333333333282
-0.31632113324878947 0.31168145769830863 0.015208333333333282
-0.32409738507932495 0.2923538172513768 0.015208333333333282
-0.3325758596682312 0.2733237556008447 0.015208333333333282
-0.34231553244973373 0.2549072805883175 0.015208333333333282
-0.3500895733205136 0.23557875073431092 0.015208333333333282
-0.35749144925966125 0.21610466512396087 0.015208333333333282
-0.3649498694769018 0.19665216539665498 0.015208333333333282
-0.37008779584429546 0.17646232908179052 0.015624999999999948
-0.37418177871094555 0.15603521273940496 0.014374999999999952
-0.3775519770217128 0.1354762842380487 0.013541666666666622
-0.38069610826793754 0.11488157092408653 0.012916666666666625
-0.38309111931680134 0.09418636133699619 0.013333333333333289
-0.3871234275807991 0.07374698101757673 0.014374999999999952
-0.3889370752317268 0.05299274145126015 0.015624999999999948
-0.3907507228826546 0.03223850188494358 0.014791666666666618
-0.3932156979358732 0.011551508972371968 0.013958333333333288
-0.3921520743557288 -0.009254655562629211 0.014374999999999952
-0.3910884507755843 -0.03006082009763039 0.013958333333333288
-0.39092227476131486 -0.05089349067319648 0.013958333333333288
-0.3905715777832375 -0.07172387207650602 0.013124999999999956
-0.38998316792617105 -0.0925488943242224 0.012083333333333293
-0.38700835409368634 -0.11316874544977212 0.011458333333333296
-0.3854261880157916 -0.13394191391969354 0.011874999999999962
-0.3838440219378969 -0.15471508238961498 0.011249999999999963
-0.3822618558600023 -0.1754882508595364 0.011458333333333296
-0.378506816308795 -0.19598038241646934 0.012083333333333293
-0.3747517767575878 -0.21647251397340228 0.012916666666666625
-0.3703075801186816 -0.2368263070845772 0.014583333333333285
-0.3660190178362684 -0.25721346017978985 0.015208333333333282
-0.3617304555538552 -0.2776006132750026 0.016041666666666614
-0.3564719436031364 -0.29775937885828974 0.017708333333333274
-0.35121343165241753 -0.3179181444415769 0.017499999999999943
-0.34346995366117866 -0.33725893879902197 0.016874999999999942
-0.3347846300141416 -0.3561954889316094 0.01666666666666661
-0.32609930636710455 -0.37513203906419684 0.017291666666666608
-0.315979527363864 -0.3933424166194083 0.01812499999999994
-0.3057451386907561 -0.4114886301711534 0.018749999999999937
-0.29427800953563554 -0.42888209810361483 0.01958333333333327
-0.2809518868364526 -0.44489591187748206 0.0197916666666666
-0.2671063406871454 -0.46046282003566114 0.018958333333333268
-0.2532607945378381 -0.4760297281938401 0.018541666666666606
-0.23593954519860016 -0.4876056557638332 0.02062499999999993
-0.2186182958593622 -0.4991815833338263 0.02062499999999993
-0.2007573781232391 -0.5099061064188506 0.0197916666666666
-0.1816308074404871 -0.5181645609773906 0.018958333333333268
-0.1625042367577351 -0.5264230155359305 0.018958333333333268
-0.1432362087693088 -0.5343458228171281 0.018958333333333268
-0.12330768300406476 -0.5404188483070946 0.018958333333333268
-0.10293088463395914 -0.5447563436629236 0.018958333333333268
-0.0821898734989901 -0.5467154850250687 0.017916666666666605
-0.061384761396695235 -0.5477994998721636 0.017916666666666605
-0.04061362060400911 -0.5494080669202497 0.018541666666666606
-0.019798734200013907 -0.5502845837578252 0.017708333333333274
0.0009618713070276286 -0.5485453204773604 0.017708333333333274
0.02175725778872195 -0.5472884677195793 0.018541666666666606
0.04222774209410123 -0.5434171565617156 0.019374999999999934
0.06269822639948046 -0.5395458454038519 0.018749999999999937
0.08249195964395675 -0.5330469299540023 0.017499999999999943
0.10228569288843303 -0.5265480145041527 0.017499999999999943
0.12199582267264072 -0.5197997879469403 0.01812499999999994
0.14121450739188066 -0.5117580259857633 0.01812499999999994
0.1597716856017835 -0.5022891868455263 0.018958333333333268
0.17724892142220341 -0.4909501390082865 0.017916666666666605
0.19447181922697798 -0.4792283827838946 0.017916666666666605
0.21015784671820406 -0.46551793715575124 0.01958333333333327
0.22806085495911552 -0.4548638265075725 0.018958333333333268
0.24532824684490404 -0.44320771415222937 0.01645833333333328
0.25968744348152506 -0.42811330294381755 0.014791666666666618
0.27125101681068114 -0.4107838035384969 0.015208333333333282
0.2813846803004099 -0.3925811487306203 0.01833333333333327
0.2941085644741796 -0.3760847688456191 0.020208333333333266
0.3034574172304931 -0.35746685462520905 0.02062499999999993
0.31364387187905707 -0.3392936898080803 0.018541666666666606
0.32171734404774727 -0.32008830449772624 0.020208333333333266
0.3270886499206933 -0.2999592992814461 0.019166666666666603
0.3351780453541392 -0.28076061549064624 0.017708333333333274
0.3415731596650486 -0.26093310201244685 0.017708333333333274
0.3464999872759126 -0.24069071708698395 0.017708333333333274
0.35195545189892513 -0.22058435780627783 0.017708333333333274
0.35606093557951296 -0.20015954981388273 0.017708333333333274
0.36265945608549044 -0.18039879818571905 0.018749999999999937
0.3664113904016537 -0.15990609785938392 0.020416666666666597
0.3670273773169909 -0.13908187307434308 0.0197916666666666
0.36831582474111974 -0.1182884202342534 0.01812499999999994
0.3704838172359143 -0.097568198557826 0.017708333333333274
0.37265180973070877 -0.07684797688139859 0.017708333333333274
0.3748198022255032 -0.05612775520497119 0.018958333333333268
0.37408662577788715 -0.035307327013542535 0.018958333333333268
0.37689135578144617 -0.014663653227490888 0.018958333333333268
0.37741985371271425 0.006162975585507742 0.018958333333333268
0.37452514032086176 0.02679422402463061 0.01958333333333327
0.37163042692900927 0.047425472463753476 0.018958333333333268
0.3686013137616417 0.06803741684552046 0.01812499999999994
0.3655722005942741 0.08864936122728745 0.01812499999999994
0.36465459982328513 0.10946247696239209 0.017291666666666608
0.3637369990522962 0.13027559269749672 0.017291666666666608
0.36281939828130705 0.15108870843260136 0.015208333333333282
0.36124857656706744 0.1718627378183477 0.014583333333333285
0.35183505203201526 0.19044803667539464 0.01645833333333328
0.34693760960952885 0.21069755112627 0.017291666666666608
0.34204016718704233 0.23094706557714537 0.017291666666666608
0.3374716969452043 0.25127332586838474 0.01645833333333328
0.3306361514592621 0.2709533435433613 0.016874999999999942
0.3209590704938814 0.2894027847752047 0.016874999999999942
0.31509891069818785 0.3093949408606977 0.017083333333333277
0.30765809257759524 0.3288541804006705 0.015624999999999948
0.2954721299048188 0.3457518160789386 0.015208333333333282
0.28656554784246674 0.3645853121363456 0.016041666666666614
0.2753784060783537 0.3821601702275911 0.01666666666666661
0.26292393726348917 0.3988608883054866 0.017083333333333277
0.2504694684486247 0.4155616063833821 0.01645833333333328
0.23894948493723392 0.43292011316464235 0.01645833333333328
0.22573600593760546 0.4490269983540313 0.017083333333333277
0.210333618869218 0.46305533575991614 0.01812499999999994
0.1955543877315814 0.4777387313058412 0.017499999999999943
0.17894808282651078 0.49031881140008576 0.01666666666666661
0.16136976482461735 0.5015005158319729 0.01583333333333328
0.143206529273375 0.5117046646003838 0.01583333333333328
0.12464393590761655 0.5211628835297214 0.014791666666666618
0.10585101642108394 0.5301547662552956 0.013958333333333288
0.08614297892749695 0.5369091008582854 0.013958333333333288
0.06643494143390996 0.5436634354612752 0.015208333333333282
0.04618613914574231 0.5485638215350936 0.014166666666666619
0.0259373368575746 0.553464207608912 0.015208333333333282
0.005447790765051271 0.5572333293501326 0.015208333333333282
-0.015382500101061207 0.5568772953476435 0.015208333333333282
-0.036021409216210346 0.5597168742450139 0.01583333333333328
-0.05666031833135948 0.5625564531423843 0.014583333333333285
-0.07745676685795064 0.5613172975998388 0.013333333333333289
-0.09812445290838051 0.5586953648969181 0.012083333333333293
-0.11882578288166386 0.556353845066761 0.012083333333333293
-0.13820127686795516 0.5486976050910963 0.01104166666666663
-0.15757677085424646 0.5410413651154317 0.010624999999999966
-0.17717592364800397 0.5339773020109057 0.011666666666666629
-0.19565381316976432 0.5243546528642623 0.011874999999999962
-0.21331050073206298 0.5132971141641199 0.011458333333333296
-0.23096718829436183 0.5022395754639779 0.011249999999999963
-0.24611281845582522 0.4879344132911835 0.011249999999999963
-0.2626087620426551 0.47520996348154915 0.012708333333333292
-0.27714819467223495 0.4602890829248364 0.012291666666666626
-0.2911217361686125 0.4448369660528089 0.011874999999999962
-0.30426402692209986 0.42867194296193223 0.011874999999999962
-0.31616864657405863 0.4115749312721668 0.011874999999999962
-0.32680562094115273 0.3936617363005387 0.011874999999999962
-0.3361725796282661 0.37505292487337627 0.011874999999999962
-0.34668402903714474 0.35706578476989226 0.010833333333333299
-0.3557760179122108 0.3383210917589771 0.010624999999999966
-0.36386517868166135 0.31912230909382466 0.009791666666666636
-0.37195433945111195 0.2999235264286722 0.0102083333333333
-0.3794904043028473 0.28050097499153565 0.009583333333333303
-0.38435873290319983 0.26024444136860864 0.008958333333333304
-0.39048245183816327 0.2403314344589693 0.009583333333333303
-0.3966061707731268 0.22041842754932983 0.009583333333333303
-0.4027298897080903 0.20050542063969037 0.009583333333333303
-0.40885360864305387 0.18059241373005092 0.009583333333333303
-0.4113810684514118 0.15991296197970434 0.009583333333333303
-0.4142392479974211 0.13927662055345943 0.010833333333333299
-0.4174990561324275 0.1186999000008368 0.011458333333333296
-0.41993873446951624 0.09800990852212135 0.011458333333333296
-0.42522148278583566 0.07785748067820629 0.012083333333333293
-0.42605363457988715 0.05704077341770433 0.012083333333333293
-0.42724625119512516 0.03624160412210896 0.011666666666666629
-0.4272252012905015 0.015408281423142019 0.011666666666666629
-0.4265955492739072 -0.0054155346564283965 0.011666666666666629
-0.4260332386074009 -0.02624127796830346 0.011666666666666629
-0.42454129880392805 -0.04702112140853636 0.011249999999999963
-0.42539064007695293 -0.06783713440766069 0.011249999999999963
-0.4265160945296461 -0.08864004598399274 0.011249999999999963
-0.4255065945310305 -0.10944890677766837 0.010624999999999966
-0.42402329759132973 -0.13022936894689002 0.010624999999999966
-0.42334314619249547 -0.15105159677804303 0.011666666666666629
-0.4227010105368188 -0.17187503164305723 0.012916666666666625
-0.420551982627089 -0.19259722884366753 0.012291666666666626
-0.4173256751184707 -0.21317922868910558 0.011666666666666629
-0.4132476964043143 -0.2336095460479883 0.01104166666666663
-0.4076122389414483 -0.25366620072821866 0.01104166666666663
-0.40444383278988894 -0.2742571934249426 0.011666666666666629
-0.40041100680254005 -0.2946964716003954 0.012291666666666626
-0.39708804228020295 -0.31526308737842434 0.012291666666666626
-0.39236072613081363 -0.33555299274541656 0.013124999999999956
-0.3861516393739573 -0.3554395464796263 0.013124999999999956
-0.3780723316070111 -0.37464247760445046 0.013541666666666622
-0.369993023840065 -0.3938454087292746 0.013333333333333289
-0.3637623886403891 -0.4137252216757371 0.013749999999999955
-0.3541256875686579 -0.4321957866435954 0.014999999999999951
-0.34448898649692683 -0.4506663516114537 0.013958333333333288
-0.33421693446352463 -0.46879127160578343 0.014583333333333285
-0.3227596000600691 -0.48619119304655933 0.015208333333333282
-0.30915497481425835 -0.5019690873832199 0.015208333333333282
-0.2947361296011124 -0.5170065300014683 0.015208333333333282
-0.2803172843879664 -0.5320439726197168 0.014791666666666618
-0.2648860501083837 -0.5460405717204416 0.014791666666666618
-0.2469797950444818 -0.556689224563138 0.016041666666666614
-0.22874867195705917 -0.5667715818643361 0.01666666666666661
-0.21051754886963656 -0.5768539391655343 0.01583333333333328
-0.19165029987749088 -0.585688795884585 0.01583333333333328
-0.1718029419881951 -0.5920220543343867 0.01583333333333328
-0.1514777172210141 -0.5965951294421615 0.014791666666666618
-0.13175947318709214 -0.6033196093474389 0.015208333333333282
-0.11123539503126202 -0.6068959194054673 0.014999999999999951
-0.09068204964784486 -0.61030000097437 0.014374999999999952
-0.06988163990634794 -0.6114707837738751 0.014374999999999952
-0.049081230164851004 -0.6126415665733802 0.015416666666666615
-0.028323884678731717 -0.6144193140660409 0.014791666666666618
-0.007490567309636198 -0.6144451050784222 0.013749999999999955
0.012868824476861404 -0.6100266275282163 0.014583333333333285
0.033670260981278705 -0.6088742312723767 0.014583333333333285
0.0540450620358263 -0.604527363461483 0.014583333333333285
0.07447611517177381 -0.6004530726601451 0.013958333333333288
0.0948802012352914 -0.5962458111172474 0.013124999999999956
0.11372494842987635 -0.5873630592379049 0.013958333333333288
0.13384051684587028 -0.5819416493586166 0.015624999999999948
0.15359439159484686 -0.5753225701039524 0.015416666666666615
0.17278809549113858 -0.5672213659638722 0.014791666666666618
0.1914896068895595 -0.5580408839943616 0.013749999999999955
0.2099042674068606 -0.5482977810076161 0.014999999999999951
0.22617671397359562 -0.5352887356732907 0.014166666666666619
0.24288673102697386 -0.5228467459669138 0.014999999999999951
0.2591424620324452 -0.509816819364836 0.014166666666666619
0.2742340445851296 -0.49545464982700904 0.013333333333333289
0.2875779542971267 -0.4794556545030567 0.013958333333333288
0.30092186400912363 -0.4634566591791043 0.01583333333333328
0.31308650975238 -0.446543670923954 0.016041666666666614
0.3252511554956364 -0.42963068266880367 0.015624999999999948
0.335466964782474 -0.4114740029505088 0.015208333333333282
0.34374628992308043 -0.3923564572661407 0.014166666666666619
0.3535593754089601 -0.3739789946821876 0.013333333333333289
0.3625338722457741 -0.355177766416359 0.012499999999999959
0.3695784403817072 -0.33557159806157905 0.012291666666666626
0.37476032555095634 -0.3153929994018482 0.012291666666666626
0.3789509332016042 -0.29498548643980127 0.011874999999999962
0.386800020707987 -0.2756873102799948 0.010833333333333299
0.39303498160163575 -0.25580885358858013 0.013958333333333288
0.39890981432742456 -0.23582100432404496 0.013541666666666622
0.4019699888849065 -0.21521364861169032 0.012916666666666625
0.4050301634423884 -0.19460629289933565 0.011874999999999962
0.4071232312087972 -0.17387836861582381 0.011874999999999962
0.40862755495479064 -0.1530994180204492 0.012708333333333292
0.4101318787007841 -0.13232046742507464 0.012499999999999959
0.4120596274931966 -0.11157651499620679 0.011666666666666629
0.4150684825365913 -0.09096160366713199 0.010416666666666633
0.4162512542301401 -0.07016187220495394 0.01104166666666663
0.4174340259236889 -0.04936214074277589 0.014583333333333285
0.41861679761723775 -0.028562409280597834 0.013958333333333288
0.41863948581389415 -0.007729088301370623 0.013124999999999956
0.41866217401055067 0.013104232677856585 0.013958333333333288
0.41623121515936984 0.03379525045953287 0.013333333333333289
0.4129877954604242 0.054374560614012545 0.013333333333333289
0.41018396623223896 0.07501835676290322 0.012083333333333293
0.40969697772598745 0.09584599753118409 0.013124999999999956
0.4058444368721235 0.11632002270326704 0.013749999999999955
0.40310048309207336 0.13697186270435963 0.013124999999999956
0.4003565293120232 0.15762370270545223 0.012083333333333293
0.3971019563568288 0.17820125194381142 0.013124999999999956
0.39352968678226147 0.19872603374202788 0.013124999999999956
0.3899574172076941 0.2192508155402443 0.013124999999999956
0.3847865880989719 0.2394322501796888 0.013124999999999956
0.3758114608741254 0.25823317752584907 0.013124999999999956
0.3744705530137493 0.27902331326104224 0.013958333333333288
0.3668902011736139 0.2984286229405484 0.014166666666666619
0.3593098493334785 0.31783393262005455 0.013749999999999955
0.347618189740358 0.3350772755017689 0.013749999999999955
0.3439921803603381 0.35559263154922244 0.013749999999999955
0.3337760345440453 0.3737491219159762 0.013749999999999955
0.3233470287701985 0.391784188213244 0.013124999999999956
0.31356831611941643 0.4101799637247905 0.012708333333333292
0.3036160278664577 0.42848241537225557 0.011458333333333296
0.28930518196086724 0.4436226751865462 0.011458333333333296
0.27745216746839246 0.46075550406034743 0.01104166666666663
0.26371706754964147 0.4764199481296307 0.0102083333333333
0.2502975072103639 0.492355542818197 0.011666666666666629
0.23454118625336615 0.5059851476429105 0.011666666666666629
0.21878486529636837 0.5196147524676239 0.011666666666666629
0.20160355206185573 0.5313973775280821 0.011249999999999963
0.1837605831469664 0.5421517365550101 0.011249999999999963
0.16484059903602008 0.5508730884582024 0.011249999999999963
0.1480040773697225 0.563143349904401 0.011874999999999962
0.12930579044806312 0.5723303975244519 0.011874999999999962
0.11018003301909662 0.5805907353229993 0.011874999999999962
0.0903524188920316 0.5869855375721693 0.011874999999999962
0.07052480476496659 0.5933803398213392 0.011874999999999962
0.050876266624149125 0.6003058525609577 0.011874999999999962
0.030364764245749142 0.6039535981604575 0.01104166666666663
0.009668576219618193 0.6063401393741832 0.011666666666666629
-0.011027611806512757 0.6087266805879089 0.011666666666666629
-0.03172379983264371 0.6111132218016346 0.011666666666666629
-0.052554610756680255 0.6114374038875335 0.011666666666666629
-0.07317133802082587 0.6084410169476319 0.011666666666666629
-0.09397250397403129 0.6072837474176668 0.011666666666666629
-0.11474231866089042 0.6056581473280668 0.011666666666666629
-0.13490987385940886 0.6004334468493321 0.011666666666666629
-0.15507742905792732 0.5952087463705976 0.011666666666666629
-0.17404918486491253 0.58660059561809 0.012499999999999959
-0.19353142643372792 0.5792202134306893 0.01104166666666663
-0.2130136680025433 0.5718398312432886 0.009999999999999967
-0.23102480439617037 0.5613695521835912 0.009166666666666637
-0.24772937978186593 0.5489202574661628 0.008958333333333304
-0.26474681256119603 0.5369021561444581 0.008958333333333304
-0.2799315770444552 0.5226385414074524 0.008333333333333307
-0.2956457579334329 0.5089603727885813 0.008333333333333307
-0.31020722410169044 0.4940609942509219 0.008333333333333307
-0.3209330320543733 0.4762008480717905 0.008333333333333307
-0.33445836645510013 0.46035493039163405 0.008333333333333307
-0.3446895659415716 0.4422069185212995 0.008333333333333307
-0.35325937299559923 0.42321781151663723 0.008333333333333307
-0.36403881429277973 0.4053899843047077 0.008333333333333307
-0.37470076904728344 0.38749164643241657 0.008333333333333307
-0.3829079586788964 0.3683430220398257 0.008333333333333307
-0.39169720335538155 0.34945448170991517 0.008333333333333307
-0.40105999543710097 0.33084357355871863 0.008333333333333307
-0.40760859230840424 0.3110662214408305 0.008333333333333307
-0.41295092606672695 0.2909295075134672 0.008333333333333307
-0.419634477919746 0.2711973532366078 0.007708333333333306
-0.4238822819762683 0.25080166892655903 0.007083333333333305
-0.42869417886020167 0.23053165594787128 0.007083333333333305
-0.4322382493008984 0.21000198613832108 0.007083333333333305
-0.43590916237134497 0.18949461734056935 0.007083333333333305
-0.43902391458413215 0.1688954402591732 0.007083333333333305
-0.44306360903691683 0.14845751848356403 0.007083333333333305
-0.444662115438572 0.1276856010212389 0.007083333333333305
-0.4465450701056447 0.10693753461736577 0.007083333333333305
-0.44842802477271737 0.08618946821349265 0.007083333333333305
-0.4495073902853317 0.06538411438646155 0.007083333333333305
-0.45035604760697323 0.04456807349180044 0.007083333333333305
-0.45106241223736143 0.0237467184257459 0.007083333333333305
-0.450855721088202 0.0029144104271914273 0.007083333333333305
-0.45064902993904243 -0.017917897571363046 0.007083333333333305
-0.4505593850181848 -0.03875103803471956 0.007083333333333305
-0.450475140343152 -0.059584201035390076 0.007708333333333306
-0.4515970327575738 -0.08038730501504278 0.007708333333333306
-0.4527189251719956 -0.10119040899469549 0.008333333333333307
-0.4507281148838373 -0.1219284043697152 0.007499999999999972
-0.4505779126178838 -0.14276119623871536 0.007499999999999972
-0.45050784144830974 -0.16359441173246408 0.007499999999999972
-0.45072521475329547 -0.18442661100724203 0.008958333333333304
-0.4495922554761726 -0.20522911520875967 0.008958333333333304
-0.4450288309373426 -0.2255565088994467 0.008124999999999973
-0.4404654063985126 -0.24588390259013373 0.008124999999999973
-0.4368823979062077 -0.26640681242090214 0.00854166666666664
-0.4337170719807945 -0.28699827884667395 0.009166666666666637
-0.43119992634624216 -0.3076789885934943 0.009166666666666637
-0.42673873785330035 -0.32802906414638155 0.008749999999999973
-0.42223935412285973 -0.34837072887235776 0.008749999999999973
-0.4165589481599539 -0.3684146996834112 0.009583333333333303
-0.40879483733248084 -0.38774722049256827 0.010416666666666633
-0.40210355782813617 -0.4074767556207084 0.010624999999999966
-0.39709063088866137 -0.42769799053050717 0.010624999999999966
-0.38730119264032775 -0.4460880605836593 0.010624999999999966
-0.3800127384117731 -0.46560487929819466 0.01104166666666663
-0.3704396501647365 -0.48410849405834977 0.011874999999999962
-0.359421211597673 -0.5017896079746624 0.011874999999999962
-0.34840277303060946 -0.5194707218909751 0.011874999999999962
-0.33830338567109336 -0.5376924164537819 0.012708333333333292
-0.324612611961943 -0.5533956165423821 0.012291666666666626
-0.3094177566139366 -0.567648481122211 0.012291666666666626
-0.29317164508143423 -0.5806903996103503 0.011666666666666629
-0.2766116777250535 -0.5933314145590552 0.011666666666666629
-0.25844425807593496 -0.6035281121161373 0.010624999999999966
-0.23946219167100063 -0.6121135027756496 0.0102083333333333
-0.2211832016199073 -0.6221088167021757 0.0102083333333333
-0.20305562300087174 -0.6323761762063745 0.0102083333333333
-0.1830539647640334 -0.6382038211470427 0.01104166666666663
-0.1630523065271951 -0.6440314660877108 0.01104166666666663
-0.1429439324079757 -0.6494794994998042 0.01104166666666663
-0.12262333495254035 -0.6540730925196452 0.01104166666666663
-0.10200483500646058 -0.657057257017672 0.01104166666666663
-0.0813863350603808 -0.6600414215156991 0.01104166666666663
-0.06057115561329797 -0.6609109514827032 0.01104166666666663
-0.03975597616621514 -0.6617804814497072 0.01104166666666663
-0.018923289497117204 -0.6616163354020286 0.01104166666666663
0.001909397171980724 -0.66145218935435 0.01104166666666663
0.022624543329956677 -0.6592362251327363 0.01104166666666663
0.04333968948793263 -0.6570202609111225 0.01104166666666663
0.06395205744392503 -0.6539940314048629 0.009791666666666636
0.08415328900338845 -0.6489010930330861 0.009791666666666636
0.10418307871116923 -0.643170883434838 0.008958333333333304
0.12457122161415732 -0.6388870292420445 0.009583333333333303
0.14426414128089415 -0.6320887432244348 0.009999999999999967
0.16355921816638586 -0.6242320399870239 0.009999999999999967
0.18248997295630312 -0.6155340919036076 0.010416666666666633
0.20128419526272515 -0.6065449325616799 0.010416666666666633
0.21907440033027623 -0.5957035128468889 0.010416666666666633
0.2368646053978273 -0.584862093132098 0.011249999999999963
0.2542281873128716 -0.5733497605770802 0.011249999999999963
0.2719003480131156 -0.5623169679132742 0.011249999999999963
0.28680590588901433 -0.5477618271655518 0.010416666666666633
0.3020624887160494 -0.5335750566303102 0.00937499999999997
0.3163023954271389 -0.518368057102552 0.008958333333333304
0.32725630647401105 -0.5006468943146593 0.009999999999999967
0.33973926872642224 -0.483967462933984 0.00937499999999997
0.3519622637444146 -0.467096595423156 0.00937499999999997
0.36318175983564366 -0.4495423741292144 0.00937499999999997
0.37357994296079866 -0.4314895193557023 0.010624999999999966
0.3816067247013291 -0.4122645732525876 0.010624999999999966
0.38911780311165034 -0.3928323454108865 0.009791666666666636
0.3966288815219715 -0.3734001175691854 0.009791666666666636
0.4022977034994529 -0.3533528675042662 0.009583333333333303
0.4079665254769344 -0.33330561743934706 0.009583333333333303
0.4136353474544158 -0.3132583673744279 0.008958333333333304
0.41911397344219675 -0.293158306800793 0.008958333333333304
0.42354642090712874 -0.272801951841017 0.008333333333333307
0.4275046394634669 -0.2523480944141638 0.008124999999999973
0.4307483813911511 -0.2317688350474042 0.008124999999999973
0.43214923977977976 -0.21098265277280673 0.008124999999999973
0.43525804259668915 -0.19038257697626287 0.008124999999999973
0.438693024275801 -0.1698343731948628 0.008124999999999973
0.4416755294985278 -0.14921563316608832 0.008124999999999973
0.4439082540082539 -0.12850228676717326 0.008124999999999973
0.44562130466006333 -0.10773950190477788 0.007708333333333306
0.4464066562030072 -0.08692097648313062 0.006874999999999971
0.4466553142173314 -0.066089127142045 0.006874999999999971
0.4469039722316557 -0.04525727780095939 0.006874999999999971
0.4471526302459799 -0.02442542845987378 0.006874999999999971
0.4461134236506144 -0.0036180300778095643 0.006458333333333305
0.44507421705524886 0.017189368304254653 0.006458333333333305
0.4442176771808531 0.03800508633706213 0.006458333333333305
0.4420698270359554 0.05872740564578909 0.006458333333333305
0.4405200500423401 0.07950301560188523 0.006458333333333305
0.4389702730487248 0.10027862555798137 0.007708333333333306
0.43631754549039753 0.1209423816124616 0.00854166666666664
0.4345111470643391 0.14169725339004935 0.00854166666666664
0.4314111592355882 0.16229865754703282 0.008749999999999973
0.42865891806032225 0.18294939473220245 0.008749999999999973
0.42416693796510024 0.2032926956590901 0.009166666666666637
0.4214837310356548 0.22395251604435853 0.009166666666666637
0.4159056970701313 0.24402521678086253 0.00937499999999997
0.4119686093548342 0.2644831521141223 0.009791666666666636
0.4057382251173188 0.28436304371419635 0.009791666666666636
0.3996556846443454 0.30428866739759497 0.009791666666666636
0.393573144171372 0.32421429108099364 0.009791666666666636
0.3839149691069288 0.3426736364703172 0.008749999999999973
0.37648671036789927 0.36213767381830353 0.008749999999999973
0.3690584516288697 0.38160171116628994 0.00854166666666664
0.3607497820202738 0.4007065217414559 0.00854166666666664
0.3506708909054405 0.41893956130355625 0.008124999999999973
0.3402297981987001 0.43696763277188116 0.007708333333333306
0.3294298247717973 0.45478302925234076 0.007708333333333306
0.3178787423866048 0.4721208570721188 0.007708333333333306
0.30468755784311224 0.4882460060053008 0.006874999999999971
0.289308096764379 0.5022994737163503 0.006874999999999971
0.27538801437174265 0.5177997667445479 0.00562499999999997
0.25976560982814073 0.5315826639020335 0.00562499999999997
0.2436087045429017 0.5447349332644511 0.004791666666666637
0.22839818859086874 0.5589710838063193 0.004374999999999969
0.21369835299531606 0.5737339633100442 0.004374999999999969
0.19609227326099146 0.5848719045096729 0.004374999999999969
0.17768367149545813 0.5946264500560209 0.004374999999999969
0.15874320516911786 0.6033032301683984 0.004374999999999969
0.13923187505853912 0.6106063647757984 0.003333333333333302
0.12014273693184094 0.6189509788086712 0.003333333333333302
0.10055471294596714 0.6260458427331317 0.002499999999999968
0.0809611427900516 0.6331253756501395 0.0014583333333333013
