0.03125 0.06458333333333333 0
0.02768039219268233 0.08510857822540992 0.009583333333333303
0.021181732175106008 0.10490239533464205 0.011666666666666629
0.009301791164281129 0.12201656429948227 0.017916666666666605
-0.008223953225592773 0.13328049173881631 0.021874999999999926
-0.027795790692355323 0.14041988638769282 0.028124999999999904
-0.04839127249812929 0.14355897972268808 0.033124999999999884
-0.06921726495568237 0.14411198599364733 0.035416666666666576
-0.08865944962303723 0.13662671825372985 0.035624999999999914
-0.10591700476947903 0.12495604697289527 0.03645833333333326
-0.11929789482950538 0.10898796759623686 0.03645833333333326
-0.13280978460331383 0.09313058406306128 0.03645833333333326
-0.14437840119551665 0.07580445097109915 0.03645833333333326
-0.15208459444735709 0.05644877058153218 0.03645833333333326
-0.15700898953215722 0.036205793754331715 0.03645833333333326
-0.1602800372657135 0.01563085694999202 0.03645833333333326
-0.1629556075273305 -0.005029953817084139 0.03645833333333326
-0.16366880566517777 -0.02585107593367404 0.03645833333333326
-0.16104780731010995 -0.04651888049537121 0.03645833333333326
-0.15659093180786213 -0.06686990107261105 0.03645833333333326
-0.14937485412574708 -0.08641359572493966 0.03645833333333326
-0.14165410086526217 -0.10576347290461416 0.03645833333333326
-0.12992067265748908 -0.12297842106807988 0.03645833333333326
-0.11861149618378697 -0.14047500088427375 0.03645833333333326
-0.10611110297888811 -0.15714137264001876 0.03645833333333326
-0.09162819079660967 -0.17211712078487587 0.03645833333333326
-0.07425721203771497 -0.18361828919229464 0.03645833333333326
-0.0563149004032646 -0.19420607607105478 0.03645833333333326
-0.03620607208141789 -0.19965243277074607 0.03645833333333326
-0.015407387375018485 -0.20085347076413526 0.03645833333333326
0.004320081464658069 -0.19415610180630066 0.03645833333333326
0.024057781225221397 -0.18748894454554577 0.035416666666666576
0.04347320229983384 -0.1799345284679609 0.035416666666666576
0.0625323230561109 -0.17152158048432115 0.035416666666666576
0.07842330185105754 -0.15804921726488802 0.035416666666666576
0.09341739250392785 -0.1435852958301151 0.035416666666666576
0.1070932636206057 -0.12786911541063048 0.035416666666666576
0.11685720612404217 -0.10946549607726663 0.03270833333333322
0.12464915980231245 -0.09014418049955637 0.03270833333333322
0.13124344908397678 -0.0703820164822351 0.03270833333333322
0.1364645835868199 -0.05021353780185365 0.03270833333333322
0.13987387733146808 -0.029661056347282746 0.03270833333333322
0.14077721357746925 -0.008847316620735768 0.03270833333333322
0.1413252176846997 0.011978808061408941 0.03270833333333322
0.1409041872664891 0.032807886561542314 0.03270833333333322
0.1394532023973941 0.05359062990036634 0.03270833333333322
0.1368124430291413 0.07425591885882904 0.03270833333333322
0.13330418380760858 0.09479173866258439 0.03270833333333322
0.128351617997829 0.11502784178738541 0.03270833333333322
0.11943523069466219 0.13385669770689645 0.03270833333333322
0.11023415449027496 0.1525480854151122 0.03270833333333322
0.10079992016584616 0.17112288017816535 0.03270833333333322
0.09051420540658946 0.1892400502019021 0.03270833333333322
0.07873484527114402 0.2064236020052185 0.03270833333333322
0.06565732314469166 0.2226410676768309 0.03270833333333322
0.048515290053761956 0.23448076696723727 0.03270833333333322
0.03053439005557929 0.24500288714489785 0.03270833333333322
0.012553490057396624 0.2555250073225584 0.03270833333333322
-0.0069979140569257576 0.26272017062412656 0.03270833333333322
-0.027723496619904194 0.26483630039399936 0.03270833333333322
-0.048554687290279 0.2651350863245045 0.03270833333333322
-0.06907969702413244 0.26156412662114736 0.0299999999999999
-0.08941387377903325 0.2570310224442913 0.0299999999999999
-0.10928855140314872 0.2507840257966805 0.0299999999999999
-0.12804661872515913 0.24171966216095295 0.0299999999999999
-0.14608740927621872 0.23130056171654906 0.0299999999999999
-0.16321082300065878 0.2194339497232531 0.0299999999999999
-0.17762373259535746 0.20439081790860691 0.0299999999999999
-0.1905762738550923 0.18807335938429487 0.0299999999999999
-0.20086101170748644 0.16995563477314934 0.0299999999999999
-0.2093696707326733 0.15093904992279086 0.0299999999999999
-0.2161343413825931 0.13123455782642127 0.0299999999999999
-0.22162282970430158 0.11113718800546586 0.0299999999999999
-0.22677884757816624 0.09095196426476472 0.0299999999999999
-0.2306885143202416 0.07048877087410142 0.0299999999999999
-0.23404239027752322 0.04992717332330431 0.0299999999999999
-0.23569806585197303 0.02915973447856596 0.0299999999999999
-0.23735374142642285 0.00839229563382761 0.0299999999999999
-0.23899219043114406 -0.012376509402493241 0.0299999999999999
-0.23902396214546553 -0.03320981850920859 0.0299999999999999
-0.23848566634753562 -0.05403619638467477 0.0299999999999999
-0.23736633959889877 -0.07483943856967 0.0299999999999999
-0.23528993002950627 -0.09556903820588852 0.0299999999999999
-0.22967931305789666 -0.11563265590000497 0.0299999999999999
-0.22443252957579288 -0.13579447726787006 0.0299999999999999
-0.21894482125518824 -0.1558920600868497 0.0299999999999999
-0.21339870569881444 -0.1759736033545651 0.0299999999999999
-0.2068209888939132 -0.1957412895978334 0.0299999999999999
-0.19638425581659244 -0.21377188527436436 0.0299999999999999
-0.18489368414405044 -0.23114987538875767 0.0299999999999999
-0.16843176974583554 -0.24391831899491515 0.0299999999999999
-0.151982736074228 -0.25670335200418415 0.0299999999999999
-0.13553370240262042 -0.2694883850134532 0.0299999999999999
-0.11839497854243639 -0.28133287412114105 0.0299999999999999
-0.09911217033470135 -0.2892196405942581 0.0299999999999999
-0.07916896291531697 -0.29524427797796754 0.0299999999999999
-0.05875384409532837 -0.299397674340407 0.0299999999999999
-0.0379297412338144 -0.30001776932576196 0.0299999999999999
-0.01710026792925111 -0.29961674609418587 0.0299999999999999
0.003524690184467142 -0.29667754882534775 0.0299999999999999
0.0237937457100364 -0.29186162047463804 0.0299999999999999
0.0430990919819924 -0.2840301849039619 0.0299999999999999
0.06061673957029671 -0.27275366945149376 0.0299999999999999
0.07789848984288845 -0.26111885594660444 0.0299999999999999
0.09493709278414393 -0.24913078739541503 0.0299999999999999
0.1110584856658433 -0.23593501271820602 0.0299999999999999
0.12558772383586997 -0.2210042051052061 0.0299999999999999
0.13815229104878146 -0.20438615983718478 0.0299999999999999
0.15027519092872482 -0.18744322395586105 0.0299999999999999
0.16179534063263148 -0.17008482746951023 0.0299999999999999
0.17216826208957284 -0.15201744585993815 0.0299999999999999
0.17998894816850755 -0.13270774241756142 0.0299999999999999
0.18688964128241198 -0.11305047372820655 0.0299999999999999
0.19358415487698424 -0.09332203573859713 0.0299999999999999
0.19910646732094706 -0.07323393371155061 0.0299999999999999
0.20302694978564836 -0.052772809719410084 0.0299999999999999
0.2050430549556014 -0.03203725817812071 0.0299999999999999
0.2042978221989698 -0.011217258036040434 0.0299999999999999
0.20357393080774872 0.009603495049078602 0.028333333333333235
0.2021328978278987 0.03038693080279273 0.028124999999999904
0.20069186484804882 0.05117036655650686 0.027291666666666572
0.19892557769311098 0.07192869036803072 0.027291666666666572
0.196809779948081 0.09265430682882396 0.027291666666666572
0.193681580316521 0.11325144606811849 0.027291666666666572
0.18757087924751292 0.1331684516217403 0.027291666666666572
0.18069327117351483 0.15283380910535224 0.027291666666666572
0.1724109121389952 0.1719500406011542 0.027291666666666572
0.16375198972200286 0.1908986775007912 0.027291666666666572
0.15413547586628315 0.20937976077641463 0.027291666666666572
0.14441132474068988 0.2278044361511506 0.02687499999999991
0.13299155555883524 0.24522903513106797 0.026666666666666575
0.11926644049833375 0.26090222862677165 0.026666666666666575
0.1039004075628443 0.27497037738925034 0.026666666666666575
0.08821295903808266 0.28867919705254486 0.026666666666666575
0.0723312728594435 0.3021625134806719 0.026666666666666575
0.05507571254696018 0.31383613400217386 0.026666666666666575
0.03764971467100971 0.32525376842464293 0.02541666666666658
0.017371343628819896 0.33003032007338007 0.02541666666666658
-0.002863615785265476 0.33498755673185177 0.02541666666666658
-0.02354362200261644 0.3375104758007287 0.02541666666666658
-0.04437558140691339 0.33774973539928793 0.02541666666666658
-0.06469913336965619 0.33316923178118313 0.02541666666666658
-0.08501740400196939 0.3285653577288381 0.02541666666666658
-0.10522365583059905 0.3234923739110267 0.02541666666666658
-0.12445900346288863 0.3154905504161756 0.02541666666666658
-0.1426070320107078 0.30525938051213636 0.02541666666666658
-0.15986447079400623 0.293588537165639 0.02541666666666658
-0.1764084177443614 0.2809265627113286 0.02541666666666658
-0.19110084707761246 0.2661563122711634 0.02541666666666658
-0.20531860479083205 0.25092860254888527 0.02541666666666658
-0.21936952149120323 0.23554681079184311 0.02541666666666658
-0.23244839377194934 0.21933043395724436 0.02541666666666658
-0.24510738701387225 0.2027842057502261 0.02541666666666658
-0.2551167138988766 0.18451288524275022 0.02541666666666658
-0.26128136444179306 0.1646125118426982 0.02541666666666658
-0.2676188324414903 0.14476649770558261 0.02541666666666658
-0.2738348635635652 0.1248821135092547 0.02541666666666658
-0.2802346313591003 0.10505610155674626 0.02541666666666658
-0.28659917431708937 0.08521875368174818 0.02541666666666658
-0.2917544167633662 0.06503333188536545 0.02541666666666658
-0.2961928940062163 0.04467829080109145 0.02541666666666658
-0.3001412561621527 0.024222528432913986 0.02541666666666658
-0.30270064567715665 0.0035470041810777768 0.02541666666666658
-0.30425009480589554 -0.01722863022981874 0.02541666666666658
-0.3053903441467366 -0.03803073611404327 0.02541666666666658
-0.30343589517765324 -0.05877218994459786 0.02541666666666658
-0.301600403109614 -0.07952450901129353 0.02541666666666658
-0.29966198585067744 -0.10026746724554816 0.02541666666666658
-0.2969413504092208 -0.12092239209587063 0.02541666666666658
-0.29319470679802156 -0.14141606037240032 0.02541666666666658
-0.28738158395368624 -0.1614219440213283 0.02541666666666658
-0.28062605715014494 -0.18112957288388842 0.02541666666666658
-0.272427101246886 -0.20028172419579574 0.02541666666666658
-0.2626659968212188 -0.21868684897583995 0.02541666666666658
-0.25362276475004014 -0.23745511292018454 0.02541666666666658
-0.2440576208019539 -0.25596283560640837 0.02541666666666658
-0.23255039118045354 -0.27332979976874383 0.02541666666666658
-0.22030555286137593 -0.2901848201578571 0.02541666666666658
-0.20708460666240486 -0.30628557664262174 0.02541666666666658
-0.19244342268122475 -0.32110662618059344 0.02541666666666658
-0.17565956145739575 -0.3334488212931748 0.02541666666666658
-0.1586706974820494 -0.34550727387238067 0.02541666666666658
-0.13898268479582518 -0.3523197575784053 0.02541666666666658
-0.11920468552482877 -0.35886639966532624 0.02541666666666658
-0.0993380403834116 -0.3651388942729591 0.02541666666666658
-0.07934077200498303 -0.37098158502114 0.02458333333333325
-0.05885008927944704 -0.37474452259957497 0.02458333333333325
-0.03822505872011052 -0.3776832114575884 0.02458333333333325
-0.01740674465415181 -0.37847414585997863 0.02458333333333325
0.0033920578053827197 -0.3772751487678062 0.02458333333333325
0.023825389857138408 -0.3732123025929589 0.02458333333333325
0.04406749591497044 -0.36828432936644273 0.02458333333333325
0.06400311555176318 -0.362234631235552 0.02458333333333325
0.08344798271997977 -0.3547563347324578 0.02458333333333325
0.10177437093884632 -0.34484819299804736 0.02458333333333325
0.11928697529995382 -0.33356384692620533 0.02458333333333325
0.13614501901034412 -0.321323171289773 0.02458333333333325
0.15214800997252204 -0.30798405370118304 0.02458333333333325
0.1666339985217256 -0.2930112812949076 0.02458333333333325
0.17857791484361046 -0.27594169897214443 0.02458333333333325
0.18997773079941022 -0.25850403932551547 0.02458333333333325
0.19993074009461426 -0.24020197977618166 0.02458333333333325
0.21013724549504798 -0.2220400683875449 0.02458333333333325
0.2198013543433653 -0.20358382884787563 0.02374999999999992
0.22865733110521258 -0.1847264840355379 0.02374999999999992
0.2367830851955771 -0.16554316059457222 0.02374999999999992
0.2424573166434674 -0.14549744097033443 0.02374999999999992
0.24803900275279697 -0.12542575549166332 0.02374999999999992
0.2537810270229038 -0.10539934954702908 0.02374999999999992
0.2573552382266354 -0.08487490577749182 0.02374999999999992
0.25998701262342744 -0.0642084706397578 0.02374999999999992
0.2618906743905877 -0.04346229389188375 0.02374999999999992
0.2630208166373285 -0.022659636458759753 0.02374999999999992
0.2642434205649031 -0.0018622083145382125 0.02374999999999992
0.2641574935814127 0.01897094781532568 0.02374999999999992
0.26232532431472544 0.03972356050761062 0.02374999999999992
0.26036176932452726 0.06046415426907868 0.02374999999999992
0.25633209529231943 0.08090405409691369 0.02374999999999992
0.2520636907058325 0.10129543708247486 0.02374999999999992
0.24772052873234926 0.12167102840763312 0.02374999999999992
0.2433983982309903 0.14205109135422386 0.02374999999999992
0.23863344578573423 0.16233219107717348 0.02374999999999992
0.233347934253203 0.18248389437037565 0.02374999999999992
0.22594080482023007 0.20195598237708326 0.02374999999999992
0.21825815888806374 0.2213210212166711 0.02374999999999992
0.21024262439405986 0.24055065939717815 0.02374999999999992
0.20206736358582433 0.2597129371452723 0.02374999999999992
0.19318925189649172 0.2785598708643024 0.02374999999999992
0.18282538049325214 0.2966324453160759 0.02374999999999992
0.17062472687849173 0.3135194767055893 0.02374999999999992
0.1558701789433491 0.32822767486196985 0.02374999999999992
0.14069784416856854 0.34250451047984287 0.02374999999999992
0.1248797881215206 0.3560624188978191 0.02374999999999992
0.1080385207193095 0.368326165880899 0.02374999999999992
0.09072036378419987 0.3799067193283252 0.02374999999999992
0.07254212261669721 0.39008411220832595 0.02374999999999992
0.0539012073403633 0.39938701796074105 0.02374999999999992
0.034021184683695554 0.405616984007852 0.02374999999999992
0.013667899073743328 0.4100635042942656 0.02374999999999992
-0.0070014312044366514 0.41267244347126636 0.02374999999999992
-0.02767971288467065 0.4152094583570476 0.02374999999999992
-0.04841744402405812 0.4172030192335339 0.02374999999999992
-0.06914878074867144 0.41514402545295137 0.02374999999999992
-0.08976536957185963 0.412146686120582 0.02374999999999992
-0.11032155621704547 0.4087598043118881 0.02374999999999992
-0.13049696785795095 0.403565524487139 0.02374999999999992
-0.15063964305180017 0.3982457111621369 0.02374999999999992
-0.167429094263755 0.38591112135220956 0.02374999999999992
-0.18424711078172068 0.3736155083874481 0.02374999999999992
-0.20055963452555362 0.3606567527803435 0.02374999999999992
-0.21658443736651384 0.3473438465729771 0.02374999999999992
-0.2308060977832359 0.33211978165032197 0.02374999999999992
-0.24465168466858966 0.3165529097237628 0.02374999999999992
-0.2575884320398764 0.30022292671001527 0.02374999999999992
-0.26962227995679683 0.2832166254634124 0.02374999999999992
-0.28117399377392865 0.2658792183428287 0.02374999999999992
-0.291919298518374 0.24803079533891104 0.02374999999999992
-0.30050306957515605 0.22904799648777932 0.02374999999999992
-0.307271295000665 0.20934472512571176 0.02374999999999992
-0.31402811096782024 0.18963753821931195 0.02312499999999992
-0.3207394227393954 0.16991480838588136 0.02291666666666659
-0.3259844809407176 0.1497525381207917 0.022708333333333258
-0.33017631556521354 0.12934527715174796 0.022499999999999923
-0.33364934026430754 0.10880346911990084 0.022083333333333257
-0.33646410520658254 0.08816116120393573 0.021874999999999926
-0.33898533539604253 0.06748094901668936 0.021874999999999926
-0.34105087929795486 0.04675026388167633 0.021874999999999926
-0.3430144079596469 0.026009667627650994 0.021874999999999926
-0.34480660047019235 0.005253564337704593 0.021666666666666595
-0.3465987929807377 -0.015502538952241806 0.02145833333333326
-0.34800825871038454 -0.036288139355759814 0.021041666666666594
-0.3479997449908638 -0.05712147094949103 0.020833333333333263
-0.34490875401369814 -0.07772422689516141 0.02062499999999993
-0.3423557990264302 -0.0984005466501556 0.020416666666666597
-0.33998134173543465 -0.11909812453625174 0.01999999999999993
-0.33765850916445755 -0.1398015596769472 0.0197916666666666
-0.33393071901471555 -0.16029866577457147 0.01958333333333327
-0.32971910044435954 -0.18070185294706023 0.019166666666666603
-0.324974211725211 -0.20098765608178168 0.018749999999999937
-0.31957026052910875 -0.22110792171740196 0.018749999999999937
-0.3119151966486713 -0.2404838803972763 0.01833333333333327
-0.3048497085799517 -0.26008251953698597 0.01833333333333327
-0.29790601331391475 -0.27972463942843845 0.01833333333333327
-0.28844510152994746 -0.29828586045491645 0.01833333333333327
-0.278176848228023 -0.31641293280279703 0.01833333333333327
-0.26794235213310896 -0.33455908576867294 0.01812499999999994
-0.25655178439419024 -0.35200278790906964 0.017708333333333274
-0.2414648847945171 -0.3663698766276362 0.017499999999999943
-0.22585014791933866 -0.3801614599340126 0.017499999999999943
-0.21062941390549525 -0.3943866851996317 0.017499999999999943
-0.19457359067727562 -0.4076621632792317 0.017499999999999943
-0.17816282328772742 -0.42049627764150543 0.017499999999999943
-0.15940304916737555 -0.42955710832810107 0.017499999999999943
-0.14016508622617904 -0.43755264205956185 0.017499999999999943
-0.1204195813211518 -0.44419664791622115 0.017499999999999943
-0.10052110337283514 -0.45036741392362517 0.017499999999999943
-0.08048002686510251 -0.45605802287074004 0.017499999999999943
-0.060214496148661804 -0.4608887622094723 0.017499999999999943
-0.039598234988633095 -0.46388835444163795 0.017499999999999943
-0.018767879359253392 -0.46424057898840626 0.017499999999999943
0.0020258057708416525 -0.46295588583895664 0.017499999999999943
0.022718806045584888 -0.4605418606925977 0.017499999999999943
0.04313493301730643 -0.4563934227634102 0.017499999999999943
0.06279565644975935 -0.4495025787011508 0.017499999999999943
0.08243924710693082 -0.44256304529671636 0.017499999999999943
0.10203556134563717 -0.43549111161238 0.017499999999999943
0.12136691328239782 -0.4277240909432381 0.017499999999999943
0.1402480998843777 -0.4189190599791247 0.017499999999999943
0.15680335944996812 -0.40627188011586246 0.017499999999999943
0.17324858051685096 -0.3934819433748489 0.017499999999999943
0.18953283900524376 -0.3804876868258583 0.017499999999999943
0.20547003300095526 -0.3670700258776589 0.017499999999999943
0.2208258970936639 -0.3529907781795736 0.017499999999999943
0.2332915018405457 -0.3362983704421531 0.017499999999999943
0.245573032252893 -0.31947006724461224 0.017499999999999943
0.2573121895410119 -0.3022590253254668 0.017499999999999943
0.2668973572231856 -0.2837616650196721 0.017499999999999943
0.27475105092384783 -0.26446536296373513 0.017499999999999943
0.28216738425357185 -0.2449967785847876 0.017499999999999943
0.2890359779308421 -0.2253282707950659 0.017499999999999943
0.29368088706064327 -0.20501934179933426 0.017499999999999943
0.29824023092086743 -0.18469103244164262 0.017499999999999943
0.3028925285527954 -0.1643837947042807 0.017499999999999943
0.3058288051166931 -0.1437584205811749 0.017499999999999943
0.3081139899492456 -0.1230507961867918 0.017499999999999943
0.3107368535649031 -0.10238322825460788 0.017499999999999943
0.3131991376170307 -0.08169591487117363 0.017499999999999943
0.31549662871283435 -0.06098965223296488 0.017499999999999943
0.31750993646326625 -0.04025382889074317 0.017499999999999943
0.31867602334270373 -0.01945315536397049 0.017499999999999943
0.3188234398126604 0.0013796564040594224 0.017499999999999943
0.31881835176030576 0.022212989116074056 0.017499999999999943
0.3186179700385317 0.043045358759092524 0.017499999999999943
0.31752583691931474 0.06385004628444808 0.017499999999999943
0.3154848020277792 0.08458315879437564 0.017499999999999943
0.31278695463937395 0.10524107246557328 0.017499999999999943
0.3094240602576152 0.1258011969582634 0.017499999999999943
0.30501183458919173 0.14616194454838596 0.017499999999999943
0.30037718724791096 0.16647321781718272 0.017499999999999943
0.2952023438632204 0.18665362350492104 0.017499999999999943
0.28964735481818366 0.20673271398450446 0.017499999999999943
0.28401012496014993 0.2267888705780662 0.017499999999999943
0.2782869158873974 0.24682066170335848 0.017499999999999943
0.26958106503649937 0.26574778347978545 0.017499999999999943
0.2608650025383376 0.2846702048974031 0.017499999999999943
0.25154335418969026 0.3033017547481786 0.017499999999999943
0.241108320060331 0.32133333372776013 0.017499999999999943
0.23045621755437626 0.339237536865024 0.017499999999999943
0.219133173012663 0.356725145051513 0.017499999999999943
0.20674401635167522 0.3734743711532552 0.017499999999999943
0.19392497261604144 0.3898969134497965 0.017499999999999943
0.17927268693190612 0.40470698779154973 0.017499999999999943
0.16301425072894868 0.41773353875533675 0.017499999999999943
0.1466759161995687 0.43065973705893135 0.017499999999999943
0.12963815642324406 0.44264900390816064 0.017499999999999943
0.11237842974086026 0.45431646347000126 0.017499999999999943
0.09392418771899452 0.4639843861618819 0.017499999999999943
0.07411318888525535 0.47043047823284734 0.017499999999999943
0.05413510536564523 0.47633843529610215 0.017499999999999943
0.033889698493329706 0.48125283030995475 0.017499999999999943
0.013319340945341315 0.48455255274156833 0.017499999999999943
-0.007379301759276361 0.48691770981126936 0.017499999999999943
-0.0281058474659926 0.4890243851173333 0.017499999999999943
-0.04893639226630763 0.4893652386046959 0.017499999999999943
-0.06975520633423683 0.4885875763497476 0.017499999999999943
-0.09047735967909229 0.4864381255989573 0.017499999999999943
-0.11114815675983773 0.4838408335814082 0.017499999999999943
-0.13139088433325075 0.47891541398848386 0.017499999999999943
-0.15136483686039323 0.4729935056625102 0.017499999999999943
-0.17029745186319664 0.4642996074037657 0.017499999999999943
-0.18824354399088553 0.45371822965215497 0.017499999999999943
-0.20593101073349823 0.44270999191822374 0.017499999999999943
-0.22241217576616196 0.4299664062005429 0.017499999999999943
-0.23845157508639767 0.41667108946028436 0.017499999999999943
-0.2512394493800909 0.40022426457441423 0.017499999999999943
-0.2642400787751667 0.38394509343121186 0.017499999999999943
-0.27712623952963905 0.36757516249709754 0.017499999999999943
-0.28993493600918757 0.3511445486232162 0.017499999999999943
-0.30241465090984704 0.3344626874028357 0.017499999999999943
-0.31334688480897177 0.3167281437167804 0.017499999999999943
-0.322520389800223 0.2980232089680766 0.017499999999999943
-0.3305673289571389 0.27880669138598935 0.017083333333333277
-0.3367577656922895 0.2589143242366056 0.01666666666666661
-0.3422015494883433 0.23880479923576084 0.01645833333333328
-0.3485382792273217 0.21895854936348205 0.01645833333333328
-0.3549702928164521 0.19914297521164326 0.01645833333333328
-0.36099188517878755 0.17919884817635687 0.01645833333333328
-0.3665979494080581 0.15913395790416573 0.016041666666666614
-0.371944282798914 0.13899830551712852 0.016041666666666614
-0.37701018858687835 0.11879027799524391 0.015624999999999948
-0.37932332430477944 0.09808575721044074 0.015416666666666615
-0.3815276021642415 0.0773693642595416 0.014999999999999951
-0.38328911591803605 0.05661063484098203 0.014791666666666618
-0.3849934304448664 0.035847131047753555 0.014583333333333285
-0.3861002541667475 0.015043219900412552 0.014374999999999952
-0.38597646456092016 -0.005789745656878272 0.014166666666666619
-0.385600123741229 -0.026619679534958963 0.014166666666666619
-0.3855732327922019 -0.047452995513329675 0.013958333333333288
-0.38554807053498835 -0.06828631365131699 0.013749999999999955
-0.38552383638659626 -0.08911963288959074 0.013749999999999955
-0.38473619750968363 -0.10993807189873242 0.013749999999999955
-0.3831859860805903 -0.13071364944312064 0.013749999999999955
-0.38225774642923416 -0.15152629341084917 0.013749999999999955
-0.3794465559609565 -0.17216908842336723 0.013749999999999955
-0.3756436797987005 -0.192652396522215 0.013749999999999955
-0.3716912272883683 -0.2131073689477977 0.013749999999999955
-0.36708187335143133 -0.23342439712767238 0.013749999999999955
-0.3613859387230264 -0.2534639606580169 0.013749999999999955
-0.35517780226311874 -0.2733508110741321 0.013749999999999955
-0.34917183466818325 -0.2932996489106168 0.013749999999999955
-0.34250804508873606 -0.3130384859133033 0.013749999999999955
-0.33599724124698604 -0.33282831186281664 0.013749999999999955
-0.32865173530679936 -0.35232372979269083 0.013749999999999955
-0.31918580649596195 -0.37088239271667156 0.013749999999999955
-0.30928624223123097 -0.3892134157417577 0.013749999999999955
-0.29887215218194385 -0.4072570990193792 0.013749999999999955
-0.2867347424215034 -0.42418964348513927 0.013749999999999955
-0.2729059318583553 -0.43977142053996654 0.013749999999999955
-0.2588956161881739 -0.4551902023530556 0.013749999999999955
-0.24372963221037125 -0.46947378410844215 0.013749999999999955
-0.2272277869403145 -0.4821905793203218 0.013749999999999955
-0.21070248206937744 -0.4948768741576792 0.013749999999999955
-0.19300013355095255 -0.5058611645175523 0.013749999999999955
-0.17420837562463085 -0.5148554744864328 0.013749999999999955
-0.1549643512829339 -0.5228364083236446 0.013749999999999955
-0.13455182101662874 -0.5270025079269851 0.013749999999999955
-0.11419156984394287 -0.5314170237512768 0.013749999999999955
-0.09377122480498219 -0.5355446485243843 0.013749999999999955
-0.07331570628396608 -0.5394942737995395 0.013749999999999955
-0.05251684235910344 -0.5406922041868434 0.013749999999999955
-0.03168402890585931 -0.5408393823105837 0.013749999999999955
-0.010856618167617842 -0.5403426532915373 0.013749999999999955
0.009964568270667584 -0.5396313354442027 0.013749999999999955
0.03064562063205513 -0.5371170063083646 0.013749999999999955
0.05125423304007602 -0.5340653063896729 0.013749999999999955
0.07176779648552553 -0.5304291693532982 0.013749999999999955
0.09206620961785746 -0.5257385188560909 0.013749999999999955
0.11166994229463635 -0.5186871755149135 0.013749999999999955
0.13092283815428704 -0.5107276668117824 0.013749999999999955
0.15016332086593717 -0.5027381985691225 0.013749999999999955
0.16821859394749314 -0.4923442151302182 0.013749999999999955
0.1855255372757257 -0.4807469098220389 0.013749999999999955
0.2027185831142346 -0.4689814114232157 0.013749999999999955
0.2196896583353181 -0.45689793578008614 0.013749999999999955
0.2342798145061161 -0.4420266506745714 0.013749999999999955
0.24847721119530525 -0.42677995578592165 0.013749999999999955
0.2622841541057319 -0.4111787986094172 0.013749999999999955
0.27430485395438814 -0.3941632012667937 0.013749999999999955
0.2843969907524255 -0.37593748996030485 0.013749999999999955
0.2944105737087649 -0.3576685016425493 0.013749999999999955
0.3040529472114057 -0.3392008972767051 0.013749999999999955
0.31340632108129407 -0.32058525398865656 0.013749999999999955
0.3220734229958918 -0.3016403569929019 0.013749999999999955
0.33030193079990666 -0.2825008837217525 0.013749999999999955
0.3359431740488427 -0.26244585561446454 0.013749999999999955
0.34137435667845917 -0.2423329236297556 0.013749999999999955
0.34671909476608603 -0.2221968477321918 0.013749999999999955
0.35197260230670735 -0.20203677738761183 0.013749999999999955
0.3567655036102741 -0.18176226444963853 0.013749999999999955
0.36090949057732225 -0.16134523357356076 0.013749999999999955
0.36356160797947945 -0.1406813991989111 0.013749999999999955
0.36635988001283953 -0.12003684903657792 0.013749999999999955
0.36867828093014765 -0.09933291716448167 0.013749999999999955
0.3704234504753747 -0.0785728073132263 0.013749999999999955
0.3720584720449988 -0.057803732171452654 0.013749999999999955
0.37367019234805937 -0.03703283581519301 0.013749999999999955
0.37457372733285366 -0.016219104715050746 0.013749999999999955
0.3746544828675128 0.004614072102741554 0.013749999999999955
0.3733947526344593 0.02540928447284519 0.013749999999999955
0.37124678696258956 0.046131591806977804 0.013749999999999955
0.3691529163038254 0.06685943500018396 0.013749999999999955
0.36731682237510044 0.08761170082497227 0.013749999999999955
0.36549991880519206 0.1083656556094328 0.013749999999999955
0.3637244836421029 0.12912319900356894 0.013749999999999955
0.36147363208144145 0.14983458343410969 0.013749999999999955
0.3562924617066049 0.1700133656402958 0.013749999999999955
0.35133522075509493 0.19024832400265598 0.013749999999999955
0.34637797980358487 0.2104832823650162 0.013749999999999955
0.33861732511524173 0.22981719083138885 0.013749999999999955
0.33155755951868726 0.2494178920305676 0.013749999999999955
0.3248030724144498 0.2691258772582986 0.013749999999999955
0.3166044146670246 0.2882781562067258 0.013749999999999955
0.30914940936993957 0.3077319649288813 0.013749999999999955
0.30086594238848396 0.32684771635394727 0.013749999999999955
0.28893278295138053 0.34392482043006184 0.013749999999999955
0.2780789093641374 0.36170743007909606 0.013749999999999955
0.2669039737944548 0.379290051976618 0.013749999999999955
0.25626049660968386 0.3971993839349866 0.013749999999999955
0.24241468120458526 0.41276605260704713 0.013749999999999955
0.22872281407541994 0.4284682993346673 0.013749999999999955
0.21500524277291502 0.44414809574082215 0.013749999999999955
0.2006060547862004 0.4592043623132838 0.013749999999999955
0.18466455810022056 0.4726169109595581 0.013749999999999955
0.16875799597829405 0.4860708716863876 0.013749999999999955
0.1509509516639767 0.4968846106589038 0.013749999999999955
0.13324272568082426 0.5078594231997803 0.013749999999999955
0.11449289130546655 0.5169408046296307 0.013749999999999955
0.09522941616416686 0.5248746752649706 0.013333333333333289
0.07548929703325591 0.5315346658411819 0.013333333333333289
0.055134233851855896 0.5359730417444818 0.013333333333333289
0.03464333012625716 0.5397347756912173 0.013333333333333289
0.014047393575106367 0.5428708840054739 0.013333333333333289
-0.006649043307758084 0.5452552661332767 0.012916666666666625
-0.027437420081099083 0.5466231728944976 0.012916666666666625
-0.04825435671751634 0.5474495667794985 0.012916666666666625
-0.06891398713820755 0.544764897589779 0.012916666666666625
-0.08951953049974624 0.5416925433534437 0.012916666666666625
-0.11011906421530894 0.5385801506277145 0.012916666666666625
-0.13047963082060612 0.5341670898657223 0.012916666666666625
-0.15068486601973555 0.5290900584175591 0.012916666666666625
-0.16966327909430892 0.5204965949162321 0.012916666666666625
-0.18813683379705293 0.5108656264071724 0.012916666666666625
-0.2060014665722786 0.5001472928807275 0.012916666666666625
-0.2236167876174123 0.4890239731310013 0.012916666666666625
-0.24019066871212982 0.47640120626965343 0.012916666666666625
-0.25477990091645814 0.4615290147207939 0.012916666666666625
-0.2688945507318883 0.44620568484881246 0.012916666666666625
-0.28238314987824403 0.4303284851320264 0.012916666666666625
-0.2955755627132434 0.4142043410812955 0.012916666666666625
-0.3086567912525773 0.3979898649047582 0.012916666666666625
-0.32079867286757785 0.3810605268011853 0.012499999999999959
-0.33030937193999327 0.36252476728257554 0.012083333333333293
-0.33998238288895916 0.3440731918224972 0.011666666666666629
-0.34939685325029707 0.32548837206030234 0.011458333333333296
-0.35736838806256704 0.30624045241909054 0.011458333333333296
-0.36487277233243925 0.28680563843727236 0.011458333333333296
-0.37247603263071166 0.26740929314712836 0.011458333333333296
-0.3783926712717588 0.2474337790118414 0.011458333333333296
-0.38351540694026365 0.22724008303887983 0.011458333333333296
-0.3883168098770567 0.20696758177198296 0.010833333333333299
-0.3934537926071587 0.18677750534299414 0.010833333333333299
-0.39841701519189715 0.16654401332228447 0.010833333333333299
-0.4032128115552123 0.1462701849956119 0.010833333333333299
-0.4058704533707468 0.12560706040715483 0.010833333333333299
-0.40821950279080865 0.1049065834899462 0.010833333333333299
-0.4108072594502155 0.08423459052241948 0.010833333333333299
-0.4131027163830943 0.06352810228208577 0.010833333333333299
-0.41507667266709575 0.042788495864252596 0.010833333333333299
-0.4163280364147137 0.02199277835922461 0.010833333333333299
-0.4177567094539081 0.0012084893137735975 0.010833333333333299
-0.41791293176432914 -0.019624258281479002 0.010833333333333299
-0.4183948734756034 -0.04045201644131732 0.010833333333333299
-0.41807238337457464 -0.061282853628346484 0.010624999999999966
-0.4181806546550045 -0.08211590561569615 0.0102083333333333
-0.418961826740005 -0.10293458828178702 0.009999999999999967
-0.41930460112256446 -0.12376510156159941 0.009583333333333303
-0.4179074212358713 -0.14455153141720464 0.009583333333333303
-0.4147253269976983 -0.16514041322358655 0.009583333333333303
-0.4126940446123194 -0.18587448348604654 0.009583333333333303
-0.4101629183786119 -0.2065534867929474 0.009583333333333303
-0.4071989600531001 -0.22717490111938024 0.009583333333333303
-0.4044195942800191 -0.2478220051215691 0.009583333333333303
-0.40189017611377725 -0.26850121742566957 0.00937499999999997
-0.3969948804943707 -0.288751250970738 0.00937499999999997
-0.39151588447278174 -0.30885121068147353 0.00937499999999997
-0.3851790332135572 -0.32869742175301664 0.00937499999999997
-0.3789381371125824 -0.34857401586857417 0.00937499999999997
-0.3715035062618057 -0.36803562016756397 0.00937499999999997
-0.3642515961575676 -0.3875660471372394 0.00937499999999997
-0.3577224119867105 -0.40734981654149616 0.00937499999999997
-0.3503934078493742 -0.42685144406672304 0.00937499999999997
-0.34102160055851344 -0.4454578141017606 0.00937499999999997
-0.32937746211050795 -0.4627332827663572 0.00937499999999997
-0.31803500859770467 -0.480208308548532 0.00937499999999997
-0.3050812469496533 -0.4965247982734468 0.00937499999999997
-0.2893785279596272 -0.510216123778965 0.00937499999999997
-0.27286977332167145 -0.5229239480648745 0.00937499999999997
-0.258968334507792 -0.5384409637793006 0.00937499999999997
-0.24135129868757263 -0.5495615674808486 0.00937499999999997
-0.22384943709679325 -0.5608625682610885 0.00937499999999997
-0.20630688483232826 -0.5721003010318164 0.00937499999999997
-0.18705270614961525 -0.5800567060637348 0.00937499999999997
-0.1675061998552697 -0.5872651642527574 0.00937499999999997
-0.1476705502931041 -0.593634998177181 0.00937499999999997
-0.12755446682561758 -0.5990544966509231 0.00937499999999997
-0.10707214311012472 -0.6028626711468643 0.00937499999999997
-0.08644057945871826 -0.6057551370629541 0.00937499999999997
-0.06573762590407235 -0.6080822580078028 0.00937499999999997
-0.04500629996727756 -0.6101413604045176 0.00937499999999997
-0.024177978822004793 -0.6105983243496595 0.00937499999999997
-0.0034210068689816352 -0.6088162207838738 0.00937499999999997
0.017144234101207266 -0.6054847583998987 0.00937499999999997
0.037903440887315176 -0.6037288793068548 0.00937499999999997
0.05855014875229934 -0.6009465723295824 0.00937499999999997
0.07908122253180364 -0.5974106442705959 0.00937499999999997
0.09934048446937957 -0.5925536818945355 0.00937499999999997
0.11906514875906447 -0.5858480576553606 0.00937499999999997
0.13883804384878762 -0.5792860154771529 0.00937499999999997
0.15821689500998132 -0.5716382768930955 0.00937499999999997
0.17664644056884302 -0.5619233590719497 0.00937499999999997
0.19465348512244607 -0.551446044329024 0.00937499999999997
0.2123744811188048 -0.5404918634525359 0.00937499999999997
0.22917638218904415 -0.5281742379425739 0.00937499999999997
0.2450818148423071 -0.514718941963284 0.00937499999999997
0.2600204713468511 -0.5001977739793709 0.00937499999999997
0.274037026170668 -0.4847846636946584 0.00937499999999997
0.28730932154224115 -0.46872620943070453 0.00937499999999997
0.30063135619183695 -0.452708994611244 0.00937499999999997
0.31339707993603033 -0.43624497095161824 0.00937499999999997
0.3258257924083961 -0.4195250760937838 0.00937499999999997
0.33695072326672 -0.401910772497692 0.00937499999999997
0.3475769347205444 -0.3839911908084787 0.00937499999999997
0.3567140680888919 -0.3652684620654026 0.00937499999999997
0.3646441100720343 -0.3460034104972553 0.00937499999999997
0.37089159595739835 -0.32612888665667095 0.00937499999999997
0.3765616177171631 -0.3060819758966169 0.00937499999999997
0.38186632319789865 -0.28593531668124245 0.00937499999999997
0.3868790047239813 -0.2657140209340395 0.00937499999999997
0.3908776888092885 -0.24526803591585833 0.00937499999999997
0.3938848272420422 -0.22465287411139911 0.00937499999999997
0.39695515478929205 -0.20404702866574026 0.00937499999999997
0.4005445657749516 -0.18352523764853607 0.00937499999999997
0.403412706828716 -0.16289027836402353 0.00937499999999997
0.4060326384282779 -0.1422223385491461 0.00937499999999997
0.40889230991240194 -0.12158620381464058 0.00937499999999997
0.41027286833321547 -0.10079866340639362 0.00937499999999997
0.41165342675402905 -0.08001112299814667 0.00937499999999997
0.4132117816160353 -0.05923615469728425 0.00937499999999997
0.4144314505502528 -0.03843855422346323 0.00937499999999997
0.41500360317994517 -0.01761307897927935 0.00937499999999997
0.4152465318136424 0.0032188379622002826 0.00937499999999997
0.41514034490884083 0.024051900677965914 0.00937499999999997
0.4136488773775691 0.04483177802074489 0.00937499999999997
0.41226845211893787 0.06561932727223455 0.00937499999999997
0.4105322949136267 0.08638019276325448 0.00937499999999997
0.4065659194371701 0.1068324699801695 0.00937499999999997
0.40464012769181107 0.12757660418556077 0.00937499999999997
0.4019902695555563 0.14824072840207436 0.00937499999999997
0.39802174920369104 0.16869258953974614 0.00937499999999997
0.39325961249049446 0.1889743505999352 0.00937499999999997
0.3864991279088561 0.20868027930170427 0.00937499999999997
0.38270901051412615 0.2291659520490646 0.00937499999999997
0.3753240876280092 0.2486464728774173 0.00937499999999997
0.36800280428254195 0.268151000248086 0.00937499999999997
0.36068152093707473 0.2876555276187548 0.00937499999999997
0.3533602375916075 0.3071600549894235 0.00937499999999997
0.3459826493474351 0.32664335474786343 0.00937499999999997
0.33819896690072276 0.3459680039127647 0.00937499999999997
0.3299339298143573 0.3650917310531206 0.00937499999999997
0.3207540021204679 0.38379351453258415 0.00937499999999997
0.3111321557773909 0.4022718221046534 0.00937499999999997
0.3013724746535066 0.42067770165815144 0.00937499999999997
0.2895576402470842 0.4378368818753586 0.00937499999999997
0.2763577724561803 0.4539549235703177 0.00937499999999997
0.2624796822490412 0.4694928252941762 0.00937499999999997
0.24870883872576807 0.48512585591639734 0.00937499999999997
0.2346738147671272 0.5005221502841389 0.00937499999999997
0.22021368161111554 0.5155198943441031 0.00937499999999997
0.20184031338677746 0.5253406436979285 0.00937499999999997
0.18336844333460695 0.5349748429149628 0.00937499999999997
0.16502276495650664 0.5448472216873296 0.00937499999999997
0.1467592511852904 0.5548707860486921 0.00937499999999997
0.12848535683739706 0.5648754131351862 0.00937499999999997
0.1098013207880193 0.5740914087234735 0.00937499999999997
0.09069562511370309 0.5823980428539857 0.00937499999999997
0.07065463887641504 0.5880889697042105 0.00937499999999997
0.050380583343612645 0.5928838054710146 0.00937499999999997
0.029892615209696712 0.5966614951778889 0.00937499999999997
0.009352276352332349 0.6001431984108518 0.00937499999999997
-0.01128289185192024 0.6030098359812432 0.00937499999999997
-0.03193016643680503 0.6057879342505901 0.00937499999999997
-0.052681481052348995 0.6076347475883395 0.00937499999999997
-0.07339437826193293 0.6053978598032714 0.00937499999999997
-0.09384489583302855 0.6014224216070361 0.00937499999999997
-0.11431423182929118 0.5975450434142511 0.00937499999999997
-0.1346654998421366 0.5930892979045623 0.00937499999999997
-0.15413708150616834 0.5856808375193865 0.008958333333333304
-0.17384992818636386 0.5789405516544633 0.008749999999999973
-0.19232733601436938 0.5693169775920197 0.00854166666666664
-0.2107442652007842 0.5595781636436808 0.00854166666666664
-0.2289702781128278 0.549486571543928 0.00854166666666664
-0.2467869875240186 0.5386887641954445 0.00854166666666664
-0.2635114426065062 0.5262661887792263 0.00854166666666664
-0.2796346465046822 0.5130726269464375 0.00854166666666664
-0.2933322931764119 0.49737542167179616 0.00854166666666664
-0.30614160306280086 0.48094528600552 0.00854166666666664
-0.31910938250158094 0.46463993491439265 0.00854166666666664
-0.3318517869281058 0.44815785655004015 0.00854166666666664
-0.3446502917355835 0.4317193027063851 0.00854166666666664
-0.35683504193511306 0.4148207927024574 0.00854166666666664
-0.3681344020197066 0.39731787181888856 0.00854166666666664
-0.3760233269091663 0.37803594655541345 0.00854166666666664
-0.3822961211585691 0.3581693960223582 0.00854166666666664
-0.389049421414362 0.3384610040678408 0.00854166666666664
-0.3954541319888514 0.31863658830760216 0.00854166666666664
-0.4012498890528528 0.2986256668437401 0.00854166666666664
-0.406900098669197 0.27857316303326435 0.00854166666666664
-0.4129392974772524 0.25863436027245257 0.00854166666666664
-0.4193353119526786 0.23880713715352045 0.00854166666666664
-0.4260384087880528 0.21908161382476254 0.00854166666666664
-0.43225592287410525 0.19919769327655282 0.00854166666666664
-0.4347388992652969 0.17851285327188848 0.00854166666666664
-0.43759995674039354 0.15787691064980378 0.00854166666666664
-0.44027788486835706 0.13721640536268076 0.00854166666666664
-0.44220227359002123 0.11647214095476043 0.00854166666666664
-0.4441967085327044 0.09573449385975034 0.00854166666666664
-0.44609803662143166 0.0749881031067351 0.00854166666666664
-0.44785956259825316 0.05422937472538282 0.00854166666666664
-0.4495277972099964 0.033462940966598964 0.00854166666666664
-0.4501295103090028 0.012638298853845598 0.00854166666666664
-0.4504044156611783 -0.008193220649664568 0.00854166666666664
-0.4503441158960127 -0.02902646671733488 0.00854166666666664
-0.4498077257127619 -0.04985289375965512 0.00854166666666664
-0.45009917788650583 -0.07068418832836111 0.00854166666666664
-0.4503783298417709 -0.09151565135820251 0.00854166666666664
-0.45032019031399634 -0.11234890356646533 0.00854166666666664
-0.4495859698779634 -0.133169294968384 0.00854166666666664
-0.4482482701523125 -0.15395963737109036 0.00854166666666664
-0.44589961692694596 -0.17466015924385375 0.00854166666666664
-0.4437506178090816 -0.19538235943034934 0.00854166666666664
-0.44098240415191214 -0.2160309615846367 0.00854166666666664
-0.43753156897390977 -0.23657650889669526 0.00854166666666664
-0.43456236174415674 -0.2571971681054733 0.00854166666666664
-0.4321455041649165 -0.2778898377548792 0.00854166666666664
-0.4286222830695799 -0.2984230959203811 0.00854166666666664
-0.42509906197424324 -0.3189563540858831 0.00854166666666664
-0.42084021783909153 -0.3393497359635968 0.00854166666666664
-0.4154337821649523 -0.35946933414743665 0.00854166666666664
-0.4082588488175831 -0.37902817126109417 0.00854166666666664
-0.4002384655594302 -0.3982557876024434 0.00854166666666664
-0.39485830897295654 -0.4183824289735913 0.00854166666666664
-0.3894781523864828 -0.4385090703447392 0.00854166666666664
-0.38004971535801885 -0.45708680844651217 0.00854166666666664
-0.3726133704473393 -0.47654775786187187 0.00854166666666664
-0.3632109431796041 -0.4951386733652226 0.00854166666666664
-0.35359599512559653 -0.5136205713114974 0.00854166666666664
-0.341498882473284 -0.5305819286644641 0.00854166666666664
-0.3273868480345203 -0.5459076672038273 0.00854166666666664
-0.3126125026418465 -0.5605959787472197 0.00854166666666664
-0.29863826154555906 -0.5760474629335562 0.00854166666666664
-0.2831490246969113 -0.5899798467792687 0.00854166666666664
-0.26465474675564693 -0.5995709604377049 0.00854166666666664
-0.24621521606122135 -0.6092669124563111 0.00854166666666664
-0.22757375419497042 -0.6185687228858399 0.00854166666666664
-0.2091665170773289 -0.6283258433356805 0.00854166666666664
-0.18956826103599653 -0.6353923939734497 0.00854166666666664
-0.16933863407204505 -0.6403713467425716 0.00854166666666664
-0.14910900710809358 -0.6453502995116935 0.00854166666666664
-0.12878171242756917 -0.6499141650606444 0.00854166666666664
-0.10840400211448795 -0.6542473740532873 0.00854166666666664
-0.08771885989694397 -0.6567278315146756 0.00854166666666664
-0.06697319883600113 -0.658637104916328 0.00854166666666664
-0.046150324242292186 -0.6579770508030546 0.00854166666666664
-0.025322465880266046 -0.6574994591059364 0.00854166666666664
-0.004490341320828743 -0.6577238786190545 0.00854166666666664
0.016269533043854048 -0.655975910043718 0.00854166666666664
0.03687629403870704 -0.6529117333061942 0.00854166666666664
0.05751586385273839 -0.6500769607104638 0.00854166666666664
0.07820714452364316 -0.647648240476345 0.00854166666666664
0.0985952733570213 -0.6433643193226178 0.00854166666666664
0.11869521160297178 -0.6378852445570434 0.00854166666666664
0.13868189158365485 -0.6320064350578727 0.00854166666666664
0.15795513708339376 -0.6240963285045718 0.00854166666666664
0.17674942078030148 -0.6151072975168665 0.00854166666666664
0.1950103147340176 -0.605078961174835 0.00854166666666664
0.21308426713378192 -0.5947174930149249 0.00854166666666664
0.2315032364154953 -0.5849825380393189 0.00854166666666664
0.24939825880607186 -0.5743150195172566 0.00854166666666664
0.2664193159566982 -0.5623020518883612 0.00854166666666664
0.2824872920015672 -0.5490412855606072 0.00854166666666664
0.2976626738519818 -0.5347676888354687 0.00854166666666664
0.311100026286998 -0.518847094081662 0.00854166666666664
0.3237168895684146 -0.5022687184460389 0.00854166666666664
0.3354562529280141 -0.4850578170841383 0.00854166666666664
0.3479857037983368 -0.4684132792814251 0.00854166666666664
0.3582633188308363 -0.45029151316932897 0.00854166666666664
0.36836953062512984 -0.4320736027253 0.00854166666666664
0.3774152756150907 -0.41330654980390674 0.00854166666666664
0.3850655882240338 -0.3939287146626113 0.00854166666666664
0.39310856044005743 -0.37471053640061025 0.00854166666666664
0.39994428558555567 -0.3550305811284817 0.00854166666666664
0.4057193384264712 -0.3350136747125938 0.00854166666666664
0.4110794697589205 -0.3148816909584609 0.00854166666666664
0.4161800357350459 -0.294682383928244 0.00854166666666664
0.42108983850377296 -0.2744358628801731 0.00854166666666664
0.42558193694840085 -0.2540925880862381 0.00854166666666664
0.42963126317947237 -0.23365657245568686 0.00854166666666664
0.43260225018461584 -0.21303616959849117 0.00854166666666664
0.43453232489341653 -0.192292433450048 0.00854166666666664
0.4367394456094094 -0.17157634318371606 0.008333333333333307
0.43878577717855866 -0.15084375277906853 0.008124999999999973
0.44113629265546567 -0.13014344227969196 0.008124999999999973
0.4433691049644633 -0.10943010534498814 0.00791666666666664
0.44287616067362234 -0.08860260468590984 0.007708333333333306
0.4438060977606983 -0.06779003649282381 0.007708333333333306
0.44502952781817245 -0.046992656930190314 0.007708333333333306
0.44615546981957005 -0.026189771736370087 0.007708333333333306
0.4480630518125331 -0.0054439550805259525 0.007708333333333306
0.44908568899646906 0.015364264232231405 0.007708333333333306
0.45005015745324534 0.03617526080552551 0.007708333333333306
0.44849150008938826 0.056950206413152786 0.007708333333333306
0.4489996470505822 0.07777734170448862 0.007708333333333306
0.44915676556551093 0.09861008255993167 0.007708333333333306
0.44792430620681273 0.11940692899651756 0.007708333333333306
0.4464564940764165 0.1401884906637176 0.007708333333333306
0.4443408853615722 0.16091412642099787 0.007708333333333306
0.4423032132241931 0.18164756969601434 0.007708333333333306
0.43957909938052414 0.20230203607848254 0.007708333333333306
0.4354054948167879 0.22271303318110683 0.007708333333333306
0.430482020209331 0.2429562339054859 0.007708333333333306
0.42555138133888054 0.2631976908220958 0.007708333333333306
0.42073560333683774 0.28346678206992476 0.007708333333333306
0.4159912115589865 0.3037527014337603 0.007708333333333306
0.4105141155696832 0.32385317897290683 0.007708333333333306
0.40396624067142234 0.34363077013296744 0.007708333333333306
0.3971906580246696 0.3633315126970132 0.007708333333333306
0.39004472044269356 0.38290096220005954 0.007499999999999972
0.38194932565022094 0.402097117047627 0.006874999999999971
0.3737832065061081 0.4212632923547124 0.0066666666666666385
0.36394982758669814 0.4396299043668686 0.006249999999999971
0.35451897001833454 0.45820641381571336 0.006249999999999971
0.3446463414624773 0.4765519577753743 0.005833333333333304
0.33427249952790383 0.49461881088526216 0.005833333333333304
0.3233082116400225 0.5123335552777007 0.005833333333333304
0.311164246594114 0.5292613989307339 0.005833333333333304
0.2974107286549066 0.5449096743013195 0.005833333333333304
0.28332865670277757 0.5602629484574349 0.005833333333333304
0.2679508317689561 0.574318206480058 0.005833333333333304
0.2511525052707821 0.5866407064146704 0.005833333333333304
0.23292750006046092 0.596734118269021 0.005833333333333304
0.21436698483547958 0.6061964146267248 0.005833333333333304
0.19568470389651332 0.6154159675820103 0.005833333333333304
0.17661907651529038 0.6238141596694862 0.005833333333333304
0.1571494154147653 0.6312276658850685 0.005833333333333304
0.13737473046167673 0.6377843123437292 0.005833333333333304
0.11779368620945725 0.6448984169093369 0.005833333333333304
0.09816525042877763 0.6518807006748049 0.005833333333333304
0.0784352369584307 0.6585705696001056 0.005833333333333304
0.058671286580850315 0.665159502992569 0.005833333333333304
0.03872318858815132 0.671167927432591 0.005833333333333304
0.018176860256668863 0.674614109359405 0.005833333333333304
-0.0024376912890534896 0.6776254283970582 0.005833333333333304
-0.02312261852345839 0.6801076779987608 0.005833333333333304
-0.043828404353684645 0.6824094622915607 0.005833333333333304
-0.06458898062272785 0.6841490745342801 0.005833333333333304
-0.08541648789044534 0.6846417395228398 0.005833333333333304
-0.10624946937109024 0.6847628196817642 0.005833333333333304
-0.12708256716429692 0.6848618859043886 0.005833333333333304
-0.14790913273524922 0.6843309016328675 0.005833333333333304
-0.16872822373283403 0.6835606887973076 0.005833333333333304
-0.18947980362023753 0.6817168585571584 0.005833333333333304
-0.21020627591394353 0.679609461101524 0.005416666666666637
-0.23090050459065126 0.67720598918492 0.005416666666666637
-0.25158210830977074 0.6746961992767639 0.005416666666666637
-0.27207431634325846 0.6709415771000278 0.005416666666666637
-0.29260363719407506 0.6673954858459844 0.005416666666666637
-0.3127716686269439 0.6621726239963283 0.005416666666666637
-0.3330462536330762 0.6573800275594381 0.005416666666666637
-0.35288043965032784 0.6510056379564377 0.005416666666666637
-0.37265432267121323 0.6444465733848607 0.005416666666666637
-0.39227307331448824 0.6374371225522509 0.005416666666666637
