-0.2625235804640742 -0.1494054356323069 0.18583333333333166
-0.24209330987749947 -0.14695850781290518 0.18583333333333166
-0.2213392646462917 -0.1458689857366011 0.1845833333333317
-0.20058521941508398 -0.14477946366029698 0.1835416666666651
-0.17988307725188069 -0.14337886680622824 0.18208333333333188
-0.159235002779597 -0.14171557867384416 0.18124999999999858
-0.13876161370948376 -0.13940202677380903 0.17937499999999867
-0.11896787275651981 -0.13550269159056236 0.1777083333333321
-0.09957734483411956 -0.13093184115758802 0.1756249999999989
-0.08016027900151113 -0.1264017286200484 0.17479166666666562
-0.06160193797483527 -0.12072179268717591 0.17374999999999902
-0.04304359694815941 -0.11504185675430342 0.17145833333333246
-0.024643698802543607 -0.10917928484743974 0.1689583333333326
-0.006006506330592269 -0.10359306784173378 0.16687499999999938
0.01263068614135907 -0.0980068508360278 0.16687499999999938
0.029786851082800325 -0.09091532338273943 0.16541666666666616
0.045710608427709805 -0.08285516068417323 0.1641666666666662
0.06112876630167167 -0.07444855930201577 0.16062499999999974
0.07613549793584701 -0.06577807592232218 0.16062499999999974
0.0901548257778991 -0.05653172308087477 0.1572916666666666
0.1041741536199512 -0.04728537023942735 0.15500000000000008
0.11654864549272367 -0.037229332136842076 0.1533333333333335
0.12892313736549615 -0.0271732940342568 0.1533333333333335
0.1402204835192798 -0.01667076152264926 0.15166666666666692
0.15212036807831844 -0.006410576870638352 0.14875000000000044
0.1630185522558308 0.004242716018787292 0.14875000000000044
0.17391673643334316 0.014896008908212934 0.1475000000000005
0.18481492061085553 0.025549301797638577 0.14625000000000057
0.19421095063566476 0.036705791528653366 0.14416666666666736
0.1979671599910598 0.0490009418270531 0.1429166666666674
0.20172336934645482 0.06129609212545283 0.1416666666666675
0.20596791257172797 0.07353391002780633 0.1397916666666676
0.21021245579700112 0.08577172793015983 0.13833333333333436
0.21214784788120677 0.09821767235768086 0.13791666666666771
0.21406596547176945 0.11066457948223025 0.13562500000000116
0.21598408306233216 0.12311148660677965 0.13437500000000124
0.2171519489111051 0.1355918308395858 0.13354166666666795
0.21594391230727214 0.14807079847008184 0.1320833333333346
0.2147358757034392 0.16054976610057792 0.13062500000000127
0.21209054400412022 0.1729485885959687 0.12875000000000122
0.20619079124847323 0.1849368933248286 0.1279166666666679
0.20029103849282623 0.19692519805368847 0.12604166666666786
0.19392304540701996 0.20882694242421182 0.12437500000000118
0.1872603362730454 0.2206704634597223 0.12208333333333447
0.18059762713907085 0.2325139844952328 0.1216666666666678
0.17427005780768057 0.24442348792267765 0.1210416666666678
0.16344101224127705 0.2551021319360096 0.11895833333333443
0.15074181117633537 0.2650113652682299 0.1170833333333344
0.1355595764107079 0.2735711496760111 0.11500000000000105
0.11890206460536668 0.28107846798308783 0.11291666666666768
0.104057386626679 0.2898488039433155 0.11020833333333431
0.08769112570074095 0.2975832968930493 0.10833333333333428
0.0704717920024431 0.3046194916682953 0.10687500000000093
0.05339151293837147 0.3117766603929822 0.10687500000000093
0.034426812931114624 0.31695087099060104 0.10437500000000088
0.015806036453530938 0.3225567612868761 0.10145833333333418
-0.0031259281873847297 0.32777394993025893 0.10020833333333416
-0.023004161135772704 0.33151535444539276 0.09916666666666749
-0.043191338181999286 0.33460437335850246 0.09687500000000078
-0.06383345590830605 0.3362940689755841 0.09500000000000075
-0.08449591039936652 0.33789177695445505 0.09395833333333407
-0.10527935042879216 0.3387563597414547 0.0929166666666674
-0.12570502217884869 0.34121707022446957 0.09166666666666738
-0.1465047677242254 0.3405075558207193 0.09104166666666737
-0.1669026648666522 0.33796525662902055 0.08958333333333401
-0.18690119800456562 0.33446224049439593 0.08770833333333398
-0.2061071897222178 0.3296190228066462 0.08562500000000062
-0.22495638956874314 0.3242950431436056 0.0843750000000006
-0.2428545143618029 0.3178976556767452 0.08250000000000057
-0.2598791880822503 0.31069295065180286 0.0808333333333339
-0.2752114047154734 0.30222995307882145 0.07958333333333387
-0.28973038299540577 0.29326548225816124 0.07750000000000051
-0.30303338578254707 0.28364566718383105 0.07583333333333382
-0.3163363885696884 0.2740258521095008 0.07479166666666713
-0.3273563454140206 0.26341775150601565 0.07333333333333378
-0.3344892423430525 0.2516732276202239 0.07166666666666709
-0.34002386119847366 0.23962239869084825 0.07062500000000041
-0.34551517558680034 0.22756443999694484 0.06812500000000038
-0.34999910534718287 0.21535739389211572 0.06708333333333369
-0.35219371121685644 0.20292694201667502 0.065416666666667
-0.35238461918594793 0.19042746684797124 0.06437500000000032
-0.34828316608293464 0.17817209620160726 0.06229166666666696
-0.34106552243255567 0.16644622637250664 0.061250000000000276
-0.3328179683336059 0.15496746221870666 0.05979166666666692
-0.32298352622345544 0.14394783657091098 0.057916666666666894
-0.3113847413171406 0.13356426551221753 0.05604166666666687
-0.2971384029428676 0.12444368091180635 0.05479166666666685
-0.2804295120409037 0.11697757969782209 0.053541666666666834
-0.2620518038015819 0.11109000444536626 0.05229166666666682
-0.24200989669788342 0.10767739467089456 0.05000000000000012
-0.221535074066439 0.10536841442933323 0.04812500000000009
-0.20094211523331448 0.10347505320151477 0.04625000000000006
-0.1801235166297489 0.103005007686589 0.04437500000000004
-0.159403915998262 0.10430935958765232 0.04208333333333334
-0.13938930289601204 0.10777915705324126 0.03999999999999997
-0.12013481028395875 0.1125525442291216 0.03708333333333327
-0.10146150522091736 0.11809517574205237 0.03416666666666656
-0.08561272791943483 0.12620836579882316 0.029791666666666564
-0.07173872531546407 0.1355332968242091 0.026458333333333243
-0.05951610653135031 0.14565598087642387 0.020416666666666597
-0.05227594302411559 0.15737685164867712 0.01583333333333328
-0.0456747936045554 0.16923277580002988 0.008749999999999973
-0.041023090977187 0.18141720022467767 0.0010416666666666348
