0.03125 0.06666666666666667 0
0.018073843082631727 0.10619513741877142 0.016735194309153423
-0.013076970570100125 0.13386710735016388 0.03469785471160213
-0.05320415801482152 0.14508851273840762 0.03704553835497894
-0.0937619897865418 0.13554003678211224 0.0364006452993163
-0.12084151153973886 0.10387285167308752 0.036653234546472145
-0.1417733942511782 0.06784553707338895 0.036082958768723236
-0.15929568149932147 0.030042355187406618 0.03313770451924172
-0.16525184086262557 -0.011196404211368123 0.03672634717886777
-0.15892327186564625 -0.052379657185867144 0.03578020735697366
-0.14838411478723088 -0.09269140831612195 0.03806452976775885
-0.1338675196676411 -0.13174751638189075 0.03629869269351695
-0.1047369347737261 -0.161538792535314 0.035279036596695124
-0.07314930503064457 -0.18871107176111876 0.030346720953181
-0.032235773203347286 -0.19659739058093859 0.031087997210769013
0.009287691974166574 -0.19314587630994057 0.03249031282382711
0.046586213631719296 -0.17457354761178898 0.03352617911785877
0.08055244180886116 -0.15044044887728242 0.02789697931536007
0.10410771787863915 -0.11607098451736467 0.029314209180996413
0.12288417411126033 -0.07887480457297294 0.02770479107389846
0.1330435024444886 -0.038465657601912305 0.02736008654778705
0.13801202469678037 0.0029037138912539006 0.022829152861635588
0.138919916804997 0.04456048816664572 0.02211613097639047
0.1312362242774062 0.0855125574703153 0.023657521092206944
0.11741525714068123 0.12482021548394778 0.022891755323579666
0.10078017339005912 0.16302211464774458 0.023472096157405763
0.07848643140323391 0.19822296945747872 0.024617608557055873
0.05171792004783823 0.2301534863798081 0.022618321385176485
0.015033596809176685 0.24991130861892424 0.024165577753957664
-0.024856029621160698 0.2619499470120002 0.02831793637200538
-0.06650323103500189 0.2606764771434686 0.02726145212531932
-0.1066968663899201 0.2496954576977624 0.020863081634726957
-0.14258281708631101 0.22852213359106366 0.01686860876257549
-0.17348544056898227 0.20057327005425118 0.016186381813782486
-0.1976686358910522 0.16664269129222997 0.0197665106931867
-0.21441999050272595 0.12849163324943025 0.018214059699958155
-0.22671839164891475 0.08868132754401614 0.017071545854517714
-0.23603181724439967 0.0480688760692716 0.016733472865630886
-0.23780273607158534 0.006439860255555392 0.016950310513030184
-0.23948983088852988 -0.03519263693341645 0.014359608023429612
-0.23960592821325152 -0.07685914185670353 0.01644249071471766
-0.2354598249140667 -0.11831901328129438 0.017229385297487035
-0.22237804333615163 -0.15787881739934875 0.01622109572351323
-0.20638497099801226 -0.19635390996971366 0.015229058150880959
-0.1816300305986542 -0.22986963817208672 0.016132298717414534
-0.15301869285551864 -0.2601599413012952 0.019241793318716987
-0.11747673284064047 -0.28190574984942496 0.01892800006673027
-0.07848786120643148 -0.29660197384752335 0.0198278214465813
-0.03718885491078936 -0.3021249431669769 0.016711173354296827
0.0036488353125378125 -0.29385486648446174 0.01886197602209795
0.0429316358771126 -0.27996340540526093 0.020771778029200792
0.0791867405712613 -0.2594285936280026 0.01913132061276168
0.11061850180697033 -0.23207616235156034 0.02325708306895566
0.1388789830236012 -0.20145825398871545 0.02177950707107674
0.16048154535583853 -0.16582904670321846 0.016648458362551223
0.18054959994214528 -0.12931351170464384 0.018280953232860116
0.19241147976532436 -0.08937096649065464 0.016508652855891266
0.20035719824842033 -0.04846892902430705 0.010662031854523375
0.20205933184315347 -0.006837043980067274 0.016128217540435013
0.2004933216555519 0.034800183631812 0.013621144987640069
0.19770048125086626 0.07637314544096227 0.019015828081589164
0.1929691648402977 0.11777031631210022 0.018995429025926564
0.17919103136725573 0.1570930088586458 0.015963412461862295
0.1628843031360815 0.19543621849875983 0.01766023684064265
0.13997876414699242 0.23024207137913658 0.018973373480971945
0.11492318886093547 0.26353365076786256 0.019725446386140717
0.08503817346340152 0.29256806079803654 0.019722397000542787
0.053543205945013855 0.3198476893168933 0.02338415978694559
0.015047777055079337 0.33579174983142673 0.025881848497893458
-0.026315053162733134 0.34081443710852566 0.02157169039392312
-0.06794191087921557 0.3389934956589353 0.021935014736204895
-0.10712343639394545 0.3248188997405438 0.018397679299444327
-0.1446186052698996 0.3066468491662474 0.023713563583561095
-0.1805975781216923 0.28563198243716553 0.02595495948999586
-0.21071992757253 0.2568438742208772 0.021482881413893835
-0.2335644162763066 0.221997921127668 0.019948092668847617
-0.25327162946379705 0.18528638534538402 0.0207223901663924
-0.27000923524437537 0.14712929342467995 0.022685091146424093
-0.2866149018837298 0.10891459799774061 0.020468460387676735
-0.3005909341923265 0.06966180660629723 0.017321781265429888
-0.3073994277383404 0.028555170563621602 0.01938400657781018
-0.3098377095852943 -0.013040092300626801 0.017554114142900482
-0.3153102978915717 -0.05434580483946464 0.014824651807829803
-0.31234617003575665 -0.09590690512766073 0.012574512766902926
-0.3065863480120077 -0.1371735449395699 0.012178190603735426
-0.2923139499244509 -0.17631955066098956 0.016287657256818983
-0.2801293013780443 -0.216164819525833 0.020362349967453605
-0.25590377348504756 -0.25006518691936946 0.023909742752412963
-0.23197197786821053 -0.2841735476197176 0.02381874568760991
-0.20325568402732905 -0.31436436707125387 0.02212579293353535
-0.1719596048317788 -0.34187193944863675 0.028546377341226063
-0.13475019146364295 -0.36062215725831304 0.02745086374268528
-0.09544396752137144 -0.37444720230384954 0.027357246901443467
-0.055105423098308216 -0.3848833387987247 0.023127126453458494
-0.013440443064155082 -0.3852582386049838 0.02396220313036042
0.027905676292308713 -0.38009979646881903 0.024365101063635083
